5000 1
5 
-10 
7 
5 
-9 
10 
-4 
1 
10 
-6 
-8 
-10 
5 
-3 
-9 
-7 
8 
-2 
-1 
3 
10 
-1 
1 
3 
2 
4 
10 
1 
5 
6 
-5 
2.77701e-08 
2 
-9 
-4 
6 
4 
-2 
7 
-1 
4 
1 
-10 
-8 
6 
5 
5 
4 
-7 
3 
8 
3 
3 
-6 
-9 
5 
-1 
4 
9 
-5 
9 
-3 
-7 
-1 
4 
-8 
7 
9 
-8 
-9 
8 
4 
6 
4 
-4 
-10 
4 
-7 
1 
-7 
8 
3 
-8.89128e-08 
4 
-8 
-7 
4 
-3 
-10 
10 
-5 
-3 
8 
-7 
7 
-8 
-9 
5 
-8 
-4 
9 
-5 
-7.95402e-08 
3 
-1 
9 
-2 
-6 
7 
9 
-4 
9 
7 
10 
6 
-5 
2 
1.77677e-07 
-5 
-2 
-2 
-6 
-1 
-8 
8 
5 
2 
2 
-10 
7 
-4 
3 
-9 
-7 
1 
-10 
-8 
-7 
-9 
6 
7 
-6 
5 
-10 
-3 
-6 
-3 
6 
3 
-3 
-8 
5 
10 
4 
5 
6 
5 
3 
-9 
-3 
10 
6.09883e-08 
6 
-1.0087e-07 
6 
-1.01872e-07 
-10 
1 
4 
-8 
-2 
9 
1 
5 
7 
-10 
-7 
-10 
-5 
6 
-9 
-7 
-3 
7 
-4 
1.47965e-07 
-10 
-1 
-8 
-6 
-4 
3 
-10 
4 
5 
3 
2 
9 
-4.22626e-08 
-1 
-2 
6 
4.19709e-09 
9 
-5 
9 
-8 
-10 
-9 
5 
-1 
-1 
6 
-7 
4 
5 
-5 
-2 
8 
-10 
-1 
8 
3 
5 
-6 
7 
-8 
-6 
5 
3 
5 
5 
4 
-2 
1 
-1 
6 
-5 
-6 
8 
-3 
2 
-5.80764e-09 
-7 
-4 
8 
-2 
-4 
1 
10 
-10 
1 
-4 
-1.35701e-08 
3 
-10 
9 
3 
-8 
1 
-5 
1.30052e-07 
-10 
-8 
5 
10 
-7 
6 
-10 
1 
-6 
9 
7 
1 
-2 
-10 
-3 
7 
8 
5 
10 
5 
-6 
-8 
10 
3.92065e-08 
2 
-8 
-1 
10 
5 
9 
-8 
7 
-1 
-7 
-9 
-8 
4 
-5 
5 
-8 
-3 
8 
-9 
10 
-8.72069e-09 
-3 
-7 
7 
-3 
-1 
7 
-4 
6 
7 
2 
-3.59282e-08 
1 
-2 
-2 
3 
-9 
-4 
-1 
8 
-7 
9 
-1 
6 
3 
-10 
9 
-6 
-9 
-5 
-8 
-6 
-6 
-2 
-10 
-7 
9 
-2 
-4 
-5 
6 
3 
-8 
-4 
3 
-10 
8 
-4 
-1 
-9 
-5 
-9 
-4 
6 
-5.92072e-08 
-6 
-1 
-2 
-4 
-9 
4 
-10 
3 
-10 
-3 
-1 
-8 
6 
3 
10 
3 
-5 
-3 
-5 
-7.02424e-08 
7 
-8.48104e-11 
-8 
6 
1 
-7 
6 
-3 
4 
5 
5 
-10 
1 
2 
-7 
7 
10 
-7 
8.90184e-08 
-6 
9 
-1 
10 
-9 
5 
6 
7 
5 
9 
2 
3 
10 
-5 
5 
-2 
-10 
1 
-1 
4 
6 
6 
1 
8 
10 
-2 
5 
-5 
5.84213e-08 
5 
-8 
-10 
4 
-10 
-10 
-1 
10 
-5 
8 
7 
1 
10 
-10 
2 
8 
10 
-4 
-3 
2 
-5 
6 
-3 
-1 
-3 
-7 
10 
5 
-6 
-1.48357e-08 
-1 
7 
4 
9 
-2 
3 
4 
4 
1 
-10 
-7 
4 
-5 
9 
3 
1 
7 
2 
1 
-8 
-4 
10 
-2 
10 
-5 
-3 
9 
6 
5 
8 
7 
-8 
-9 
1 
-3 
6 
6 
4 
6 
3 
-1 
-3 
5 
-6 
-10 
4 
2 
5 
-10 
-7 
3 
9 
6 
-4 
2 
2 
4 
-10 
-7 
-6 
9 
3 
-5 
-3 
10 
-6 
-8 
9 
-8 
-3 
10 
-7 
-10 
-2 
6 
10 
2.29838e-08 
5 
-4 
-9 
1 
-1 
2 
6 
9 
3 
-8 
6 
8 
-5 
-7 
10 
3 
10 
-8 
4 
9 
9 
-7 
-4 
-2.13263e-08 
5 
-3 
10 
-9 
8.33916e-08 
-7 
-5 
5 
1 
-1 
-1 
-4 
-3 
10 
6 
-7 
7 
-1 
-6 
-1.03373e-08 
-10 
-7.06359e-08 
-7 
-8 
2 
9 
-3 
8 
4 
-1 
5 
-2 
-9 
-10 
1 
10 
-7 
8 
-2 
1 
-7 
-9 
-4 
6 
2 
8 
-1 
-8 
10 
-7 
-5 
-1 
-9 
1 
-5 
5.40297e-09 
-7 
2 
4 
7 
-7.07984e-08 
4 
3 
-10 
-10 
2 
-1 
-7 
-6 
-4 
-8 
3 
-3 
4 
1 
7 
2 
-1 
3.2232e-08 
-3.41061e-08 
-3 
7 
3 
9 
9 
-3 
2 
7 
8 
-9 
9 
9 
-1 
-6 
3 
-8 
5 
-6 
-7 
7 
-6 
-1.28052e-08 
-4 
-1 
-2 
1 
-4 
8 
-7 
1 
-3 
2 
9 
1 
1 
7 
8 
7 
10 
3 
-2 
3 
-7 
-7 
-7 
9 
3 
-3 
-9 
-2 
-4 
-8 
-3.60124e-08 
-2 
-9 
-8 
-1 
-10 
1 
3 
-7 
-4.67531e-08 
5 
6 
2 
-4 
1 
3 
4 
9 
1 
-4 
3 
-1 
-9 
7 
5 
-3 
8 
8.39357e-08 
9 
8 
5 
-5 
7 
-6 
-6 
7 
-7 
-2 
1 
-6 
-4 
9 
10 
10 
-4.89777e-08 
9 
-3 
-7 
-1 
-2 
-8 
-2 
8 
8 
-8 
6 
-5 
3 
-2 
-3 
8 
2 
-10 
-7 
2 
4 
-8 
6 
-5 
4 
-3 
-6 
-4 
-5 
2 
9 
6 
-7 
5 
5 
7 
-8 
4 
3 
-3 
9 
-4 
4 
-8 
-3 
-8 
-4 
1 
3 
2 
-10 
-5 
-1 
7 
2 
1 
7 
-6 
-2 
-9 
-6 
-8 
-7 
-3 
2 
3 
-10 
1 
7 
-5 
9 
-1 
5 
-1.58294e-07 
-4 
8 
-4 
-1.94484e-07 
-9 
-9 
10 
1.11605e-07 
4 
8 
-1 
1 
-3 
6 
2 
6 
5 
1 
-6 
7 
8 
-7 
-1 
-8 
-3 
6 
2 
1 
-1 
8 
-10 
-5 
2 
4 
8 
-9 
-7 
1 
-9 
-8 
3 
-4 
4 
4 
-1 
-8.81026e-08 
2 
-10 
-1.65375e-07 
6 
10 
-8 
-3 
-2 
4 
4 
1 
7 
3 
-10 
-5 
-7 
-6 
1 
4 
-1.21269e-08 
7 
-3 
-4 
9 
7 
-6 
-3 
1 
5 
-3 
3 
-4 
4 
9 
5 
-4 
4 
-2 
-8 
1 
-3 
7 
8 
-6 
9 
6 
-5 
10 
-8 
1 
-9 
3 
-9 
-1 
-7 
-5 
1 
3 
-10 
-7 
7 
1 
-4 
-2 
1 
-2 
-1 
6 
-4.69161e-09 
-2 
9 
-2 
3.1908e-08 
-7 
-2 
-8 
-8 
6 
5 
2 
10 
-7 
-5 
3 
8 
10 
-1 
1 
-9 
-10 
-9 
-10 
-3 
4 
5 
3 
-3 
5 
1 
-1 
10 
-9 
2 
4 
10 
8 
-6 
-6 
10 
-7 
-9 
-6 
-5 
-6 
5 
6 
7 
-9 
2 
-10 
9.24642e-08 
-5 
10 
2 
-3 
-6 
-6 
5 
6 
3 
4 
9 
5 
-1 
-5 
9 
-2 
-7 
-3 
4.25221e-08 
-5 
-2 
-2 
5 
6 
-6 
1 
10 
-8 
5 
-3 
-10 
6 
5 
-1 
8 
9 
-1 
2 
-3 
9 
-1 
10 
-2 
2 
4 
4 
8 
-9 
4 
3 
5 
10 
-8 
6 
-1 
-1 
-8 
8.41021e-08 
8 
1 
3 
-2 
2 
-2 
-2 
2 
-8 
-10 
-7 
5 
-3.10786e-08 
-7 
4 
10 
-1 
3 
4 
7.27348e-08 
6 
4 
9 
6 
4 
-5 
-1 
10 
1 
7 
3 
-5 
1.30284e-07 
-10 
-3 
8 
9 
-6 
8 
9.14616e-09 
6 
-6 
-7 
6 
1 
6 
4 
6 
-3 
-2 
3 
1 
-10 
9 
-1 
-2 
9 
-8 
-9 
3 
-8 
7 
4 
-1 
-9 
-1 
1 
10 
-9 
6 
7 
-5 
-3 
-2 
7 
6 
-6 
9 
6 
-8 
6 
-10 
-1.11451e-07 
-9 
-7 
-7 
4 
-10 
7 
-10 
-6 
7.78164e-09 
-7 
2 
5 
-7 
4 
-10 
9 
-5 
-7 
9 
-2 
-2 
-6 
-2 
2 
7 
-2 
8 
1 
6.93505e-08 
5 
-3 
9 
-10 
-4 
9 
-3 
-10 
-4 
-3 
-5 
-2 
5 
1 
-2 
3 
-7 
4 
-2 
7 
6 
10 
-6 
7 
6 
-8 
10 
-5 
3 
-6 
-2.07375e-07 
-5 
-1.08107e-07 
2 
-4.10832e-08 
3 
-10 
-1.89025e-08 
8 
-4 
1.13397e-07 
-4 
9 
4 
1 
-8 
-5 
-10 
10 
4 
-5 
8 
-1 
-8 
4 
-1 
-10 
-2 
3 
10 
-3 
1 
7 
7 
7 
-10 
6 
-8 
-6 
5 
6 
-5 
10 
1 
-1.17626e-07 
-8 
-4 
5 
-2 
-8 
2.65745e-08 
-10 
-5 
6 
2 
-1 
-9 
-9 
4 
-3 
9 
2 
-7 
-2 
7 
8 
-10 
9 
-8 
8 
-7.36045e-08 
7 
-2 
-5 
4 
-1 
-8.57771e-08 
10 
5 
10 
1 
-2 
5 
-2 
9 
1.36819e-07 
1.22628e-07 
-2 
4 
-7 
5 
-2 
-9 
1 
-1 
8 
6 
-10 
-2 
2 
10 
9 
6.91068e-09 
1 
-3 
-4 
-10 
-10 
4 
9 
-10 
10 
6 
-8 
-9 
9 
-4 
-7 
6 
10 
8 
5 
2 
7 
8 
-1 
6 
1 
2 
-4.34362e-08 
-2 
-4 
-9 
-3 
9 
-7 
5 
4 
-3 
-5 
9 
3 
-7 
-4 
-10 
-8 
7 
6 
1 
8 
2 
3 
4 
8 
-6 
-6 
9 
9 
-1 
-2.76481e-08 
-1 
2 
4 
-8 
10 
-1 
1 
-7 
-2 
-9 
-5 
4 
6 
-4 
10 
9 
-4 
2 
2 
-1.64473e-07 
-2 
2 
-1 
9 
-10 
5 
-2 
2 
6 
5.43787e-08 
-9 
-9 
-9 
5 
-8 
7 
7 
3 
-6 
-6 
-1 
-8 
1 
-10 
-9 
-5 
-7 
-9 
5.66484e-08 
-9 
8 
3 
6 
3 
-8 
-7 
6 
3 
2 
-6 
2 
-2 
4 
3 
-10 
1 
1.04662e-07 
9 
6 
-3 
10 
5 
6 
8 
-10 
2 
8 
-7 
-9 
-6 
-9 
-9 
-7 
-1 
10 
8 
2 
-3 
-5 
-1 
-2 
-2 
4 
2 
9 
-8 
5 
-1 
-3 
9 
-8 
-1 
4 
-6 
1 
-3 
9 
9 
9 
-9 
2 
4 
3.83906e-08 
-4 
-2 
-3 
9 
-8 
-7 
7 
4 
-3 
-2 
-3 
6 
6 
7 
4 
-3 
-9 
-9 
2 
8 
-1 
1 
-9 
-1 
10 
-9 
-9 
9 
9 
-4 
2.37747e-08 
7 
8 
5 
-5 
7 
9 
7 
3 
10 
-6 
-4 
3 
1 
-1 
1 
-9 
-4 
5 
10 
-1 
8 
-5 
-4 
7 
-2 
-5 
3 
-10 
-7 
4 
-3 
-2 
-5 
-8 
1 
10 
-3 
5 
-5 
7 
2 
-7 
-10 
8 
-5 
-10 
-5 
1 
-8 
4 
5 
2 
2 
-5 
-5 
-6 
5 
2 
8 
-6 
10 
5 
-7 
-5 
5 
-8 
-7 
-3 
-5 
9 
3 
-10 
-9 
-6 
-10 
-5 
6 
-7 
1 
-9 
4 
5 
-2 
-8 
4 
-10 
-3 
10 
9 
5 
-10 
-4 
-1 
9 
10 
-2 
2 
-8 
7 
-8 
1 
-9 
-2.05141e-08 
-3 
3 
-1 
-5.04664e-09 
10 
-1.26117e-07 
7 
-3 
10 
4 
-6 
5 
-6 
5 
-8 
-3 
-3 
-5 
-2 
-1 
-5 
-5.90046e-08 
9 
7 
-6 
9 
-8 
6 
-9 
1 
-8 
8 
-2.5342e-08 
8 
1 
2 
-1 
4 
-4 
2.13187e-07 
-3 
-5 
5 
8 
-6 
5 
4 
7 
-4 
8 
-1 
-9 
3 
-8 
-2 
-10 
-7 
8 
-5 
-10 
-5.90617e-08 
4 
4 
-2 
-6 
6 
-9 
-1 
-2 
1 
-9 
4 
-7 
10 
-3 
-4 
-2 
-9 
-10 
-4 
7 
4 
5 
-9 
-3 
-6 
7 
1 
10 
-5 
10 
5 
-3 
-1 
-10 
2 
5 
7 
9 
-10 
-8.56456e-08 
6 
10 
6 
8 
-3 
-9 
8 
-6 
-1 
9 
-3 
-5 
-10 
-5 
-1 
1 
-5.1572e-09 
-8 
-5 
-5 
-7 
-7 
8 
5 
2 
7 
7 
-6 
9 
4.31305e-08 
-10 
-4 
-2 
9.50694e-08 
-9 
7 
6.44719e-08 
4 
10 
-2 
-1 
-4 
1 
10 
1 
8 
-7 
4 
9 
4 
-2 
-4 
-8 
-3 
-7 
5 
-3 
-7 
-7 
6.43943e-08 
6 
-1 
-6 
-2 
-10 
-7 
5 
-7 
4 
5 
-9 
-9 
9 
-9 
-9 
-9 
8 
-4 
5 
3.17577e-08 
9 
1 
9 
7 
8 
-8 
-2 
-7 
10 
-8 
4 
-6 
-8 
-5 
-8 
-10 
1.61682e-07 
9 
-2 
-9 
1 
-7 
-2 
7.8113e-08 
5 
2 
-2 
9 
-3 
-6 
-3 
2 
8 
-6 
8 
2 
9 
-2 
-5 
4 
-7 
3 
8 
8 
6 
6 
8 
-9 
7 
-8 
-1 
5 
-6 
8 
-9 
-6 
-3 
8 
2 
-6 
-7 
10 
8 
6 
10 
4 
-4 
-9 
8.28333e-08 
-5 
-10 
-10 
8 
-3 
-8 
4 
-2 
7 
5 
1.1162e-07 
-5 
6 
3 
-5 
10 
8 
-3 
-8 
-10 
-8 
-8 
2 
-6 
10 
-1 
-8.08723e-08 
-10 
-8 
1 
7 
-3 
-1.22936e-07 
4 
2 
8 
6 
-6 
-1 
8 
1 
5 
-2 
4 
-2 
10 
-9 
8 
7 
8 
-10 
8 
-6 
6 
3 
8.33677e-09 
-6 
-10 
-3 
-3 
8 
8 
9 
8 
3 
10 
9 
4 
-5 
-6 
-10 
1 
-4 
-3.16962e-08 
8 
-3 
4 
6 
1 
10 
-5 
-6 
-6 
-9 
-2 
-2 
3 
2 
7 
5 
7 
-7 
-9 
-8 
-5 
10 
-1 
-2 
1 
6 
7 
8 
-8 
2 
-9 
-5 
10 
-10 
-8 
10 
1.4876e-08 
-9.80017e-08 
-10 
-1 
4 
1.82256e-07 
-7 
4 
1 
-8 
5 
-5.14586e-08 
-2 
5 
3 
-9 
-5 
-4 
-5 
-8.06051e-08 
7 
-6 
-9 
-2 
-4 
5 
-6 
2 
-4 
9 
7 
-4 
2 
-3 
-3 
-7 
-7 
5 
6 
2 
7 
5 
-1 
5 
8 
1 
7.93248e-08 
-1 
8 
-9 
8 
9 
10 
9 
3 
-5 
-6 
-2 
-3 
6.67774e-09 
3 
10 
-5 
-2 
-8 
-2 
1.28527e-07 
-1 
-1 
10 
3 
-8 
-8 
1 
3 
-2 
10 
-2 
9 
5 
8 
-9 
3 
-3 
9 
10 
-10 
2 
-10 
10 
8 
1 
7 
-5 
2 
2 
2 
-5 
-9 
1 
10 
-7 
4 
-8 
-2 
9 
4 
-7 
-7 
-3 
-4 
10 
8 
10 
8 
10 
1 
-5 
7 
1 
-5 
9 
6 
-1 
-8 
-2 
6 
-8 
-3 
-10 
10 
10 
-2 
-5 
-9 
-6 
10 
-9 
7 
9 
-5 
-7.66435e-08 
5 
2 
-9 
-3 
-10 
-6 
8 
2 
-6 
-6 
9 
-9 
-1 
3 
-1 
9 
-2 
5 
9 
-7 
-5 
-6 
-10 
7 
-6 
9 
1 
9 
-8 
5 
3 
-7 
-3 
4 
2 
9 
-4 
-6 
9 
-7 
8 
-6 
9 
-5 
7 
-8 
2 
10 
-7 
1 
-6 
-3 
-10 
7 
-1 
6 
1 
-5 
2 
2 
10 
4 
5 
8 
5.97438e-08 
-4 
-4 
-10 
4 
2 
10 
-3 
-9 
-10 
-4 
-6 
4 
3 
3 
7 
-8 
6 
-2 
2 
-10 
-1 
-1 
-1.16925e-07 
8 
-5 
-6 
3 
8 
-6 
1.29767e-07 
-8.3714e-08 
2 
-2 
9.15355e-08 
-9 
-8 
8 
-6 
-5.15838e-08 
-1 
-2 
4 
5 
-2 
4 
6 
-1 
4 
-8 
9 
-9 
8 
1 
9 
7 
5 
1 
1 
3 
5 
-3 
-6 
2.12455e-08 
-1.35049e-07 
-5 
-4 
2 
5 
10 
9 
-4.34923e-08 
10 
-8 
-1 
8 
10 
7 
6 
-10 
-6 
-7.11174e-08 
-9 
-10 
9.96519e-08 
10 
6 
-6 
4 
2 
3 
6 
2 
7 
8 
-2 
5 
6 
-4 
6 
-5 
10 
-10 
2 
4 
-7 
4 
5 
-4 
8 
6 
2 
1 
-6 
-1 
-7 
-2 
-9 
-3 
4 
7 
-2 
1 
6 
4 
10 
2 
3 
-5 
-10 
-5 
-10 
-4.23737e-08 
-8 
1 
-6 
3 
6 
4 
4 
1.76533e-08 
-5 
-6 
-2 
10 
-2 
4 
-3 
9 
5 
-4 
4.18609e-08 
10 
8 
-1 
-4 
4 
-7 
2 
-6 
9 
7 
-10 
8 
-4 
4 
-9 
-4 
8 
-9.54871e-08 
5 
2 
-2 
2 
3 
-10 
-9 
4 
-10 
-3.51414e-08 
8 
3 
6 
-5 
-10 
-9 
9 
-2 
-2 
-9 
2 
-10 
1 
-5 
-9 
5 
-2 
6 
10 
-4.45948e-09 
-6 
4 
10 
1 
-2 
9 
-1.52423e-07 
-1 
-5 
5 
-4 
9 
-6 
3 
3 
9 
-2 
6 
4 
-3 
3 
7 
7 
-4 
-3.03393e-08 
1 
8 
-5 
-7 
8 
1 
-4 
-7 
-7 
-1 
-10 
-4 
-4 
9 
-4 
-1 
9 
10 
8 
-3 
-1 
-7 
-2 
-7.7055e-08 
-5 
-2 
10 
6 
2 
-7 
7 
-7 
10 
-5 
6 
-3 
-1 
9 
-2 
-6 
-8 
-10 
4 
9 
8 
-9 
-9 
2 
9 
-5 
6 
-10 
-8 
7 
5 
5 
-10 
-6 
-4 
8 
4 
-4 
-9 
5 
4 
8 
8 
9.46238e-08 
1 
-6 
7 
-10 
-7 
7 
-5 
-4 
-4 
5 
-6 
5 
9 
-9 
8 
1.13031e-07 
3 
10 
-3 
-4 
-2 
10 
-1 
4 
4 
7 
5 
6 
8 
-1 
-9 
1 
3 
5 
-6 
5 
-9 
-9 
-4 
-10 
6 
-9 
5 
-9 
8 
-3 
1 
8 
-2 
-8 
5 
-2 
6 
8 
-6 
-10 
6 
-6 
-9 
7 
6 
-6 
-1.22144e-07 
6 
7 
-1 
7 
3 
4 
1 
-2 
-10 
-9 
2 
9 
-1 
3 
-6 
-10 
9 
2 
9 
2 
1 
7 
-9 
-2 
-4 
-8 
3 
-5 
9 
-7.8019e-08 
-6 
4 
-8 
2 
-8 
-4 
-4 
2 
5 
10 
-1 
1 
3 
6 
5 
-5 
9 
-7 
-10 
-10 
-4 
5 
-4 
8 
7 
9 
-1 
-5 
7 
8 
10 
5 
4 
3.61653e-08 
6 
-3 
6 
7 
2 
-8 
3 
-8 
-9 
-7 
-9 
6 
6 
5 
2 
7 
-8 
-9 
-1 
6 
-5 
4 
-8 
1 
2 
-8 
9.29167e-08 
-9 
-3 
-1.49584e-08 
3 
-8 
7 
5 
7 
-9 
-8 
7 
-2 
10 
-3 
-10 
9 
-2 
7 
6 
10 
-9 
9 
-6 
10 
9 
3 
-5 
-2 
-3.88621e-08 
2 
-5 
-2 
6 
5 
-6 
-1 
-1 
-6 
5 
7 
-2 
-10 
7 
-7 
-7 
9 
-10 
2 
-1 
1.12927e-07 
-8 
-2 
3.83003e-08 
-4 
3 
-6 
-7 
3 
-7 
7 
-8 
8 
9 
2 
-8 
-9 
1 
-1 
-9 
-6 
4 
8 
-6 
6 
-1 
-5 
3 
3 
10 
10 
-2 
4 
4 
7 
1 
-7 
7 
7 
-9 
8 
1 
9 
-3 
-8 
1 
-2 
-8 
7 
3 
10 
7 
8 
-8 
1 
-1.53282e-07 
-6 
-6 
10 
3.24544e-08 
-7.49472e-08 
-7 
5 
6 
-6 
-2 
-6 
9 
3 
4 
9 
6 
7 
3 
-3 
-6 
-8 
-5 
-3 
2 
-5 
2 
-9 
6 
2 
8.47077e-08 
-5 
3 
1 
1 
-2 
5 
-4 
1 
-1 
-7 
-8 
-3 
5 
-8 
6 
-10 
1 
6 
-7 
-3 
10 
-4 
4 
-6 
8 
-10 
-4 
2 
8 
-8 
1 
6 
6 
-7 
-2 
6 
-7 
9 
-1 
8 
7 
9 
2 
8 
1 
5 
-9 
3 
9 
4 
-2 
-10 
-7 
-8 
-8 
8 
-1 
-7 
-3 
-9.61927e-09 
1 
-5 
7 
4 
2 
-6 
4 
-7 
1.2024e-07 
-4 
-3 
-3 
5 
-9 
2 
-7 
-10 
-2 
9 
-8 
-2 
8 
6 
9 
-10 
3 
7 
10 
5 
3.55705e-08 
-1 
-3 
-4 
6 
-10 
-10 
5 
-9 
-5.8134e-08 
-5 
-7 
5 
2 
1 
10 
-9 
-2 
-9 
4 
2 
-7 
-3 
6 
6 
8 
10 
-5 
1 
-1 
-2 
7 
4 
-4 
-5.26538e-08 
-4 
-8 
8 
-1.0062e-07 
7 
2 
5 
3 
-9 
-1.6971e-08 
-4 
-4 
3 
5 
-9 
8 
4 
4 
-6 
-2 
-7 
10 
-5 
5 
-10 
1 
5 
-8 
-10 
4 
8 
7 
5 
1 
-7 
-8 
5 
-8 
-6 
5 
-9 
-10 
6 
7 
10 
-10 
-4 
-8 
-10 
9 
8 
-8 
-3 
-2 
7 
10 
-4 
8 
1 
-6 
-10 
-4 
5 
-4 
2 
-8 
7 
-1 
-3 
3 
-8 
-9 
9 
-3 
3 
-2 
10 
-5 
4 
-1 
-7 
-3 
-4.92723e-08 
2 
4 
-5 
4 
1 
-10 
-5 
10 
-7 
-5 
-9 
-7 
3 
-7 
-4 
7 
-8 
9.1235e-08 
6 
-3 
-5 
-8 
6 
-3 
5 
2 
8 
-7 
2 
-3 
4 
9 
9 
9.63867e-08 
-3 
8 
5 
6 
3 
-9 
9 
-10 
5 
10 
9 
-4 
-10 
-9 
4 
-4 
5 
-10 
6 
4 
9 
3 
-7 
-7 
4 
-8 
-5 
-8 
6 
8 
-1 
-5 
-8 
9 
8 
-6 
5 
3 
-1 
4 
-10 
1 
1 
1.19018e-07 
-6 
10 
-5 
-8 
1 
1.19021e-08 
-1 
-8 
3 
1 
3 
-2 
7 
-5 
-7 
-4 
-9 
-2 
-3 
-3 
-3 
-7 
10 
6 
-4 
-4 
-1.27221e-09 
10 
5 
-10 
-3.75555e-08 
2 
-6 
5 
7 
1 
6 
8 
4 
-6 
2 
-8 
-4 
-7 
8 
-3 
10 
2 
7.52412e-08 
1 
1 
-2 
-2 
1 
-2 
-7 
-10 
-8 
-4 
10 
3 
8 
-6 
10 
3 
1 
-7 
-5 
9 
8 
-8 
9 
-2 
-6 
-1 
1 
3 
-3 
-7.25129e-09 
3 
-5 
-6 
1 
2 
5 
1 
-4 
8 
-9 
-6 
8 
-4 
-6 
-2 
-10 
-1.4747e-08 
3 
3 
-4 
9 
4 
-8 
-3 
8 
-9 
8 
7.09902e-08 
2 
9 
-9 
-8 
-10 
7 
-4 
-9 
3 
7 
4 
1 
-8 
-9 
3 
7 
-5 
6 
-7 
7 
-1.15302e-07 
9 
8 
10 
5 
-2 
7 
-5 
-7 
-5.45727e-08 
-4 
3 
-9 
7 
-4 
6 
4.33489e-08 
-1.94384e-07 
-2 
7 
-7 
-9 
-6 
8 
-1 
3 
6 
-8 
6 
2 
-8 
-7 
5 
9 
8 
6 
-1 
5 
-10 
-10 
-7.07844e-08 
-7 
-8 
-7 
6 
-2 
-2 
2 
8 
-7 
-6 
-8 
-4.7489e-08 
-8 
3 
-4 
-2 
3 
-6 
-3 
2 
-10 
-2 
4 
7 
-3 
-8 
-10 
6 
-5 
10 
-5 
2 
5 
-1 
10 
8 
-8 
-9 
3 
4 
-6 
-3 
4 
3 
-8 
-4 
7 
-6 
-2 
-5 
-1 
-3 
-7 
9 
5 
6 
7 
-7 
2 
-4.60107e-08 
-3 
-4 
10 
-9 
-10 
2 
2 
10 
-6 
9 
-7 
-6 
1 
9 
1 
-5 
5 
-1 
2 
-9 
-4 
-4 
-4 
6 
-9 
1 
4 
4 
6 
4 
-1 
-7 
4 
-7 
5 
-8 
1 
-4 
4.89779e-08 
4 
-6 
-5 
-1 
2 
1 
6.56285e-08 
1 
4 
10 
1 
-5 
1 
2 
6 
-4 
6 
-9 
-4 
-7 
-5 
7 
8 
5 
6 
-8 
-7 
-3 
-5 
3 
8 
-8 
-6 
6 
1 
-9 
9 
6 
6 
9 
5 
-3 
10 
-2 
-6 
-7.89153e-08 
1 
-8 
-4 
-3 
-9 
1 
1 
-9 
-6 
-7 
-1 
1 
-1 
1.07461e-08 
-8 
-6 
-9 
-3 
-10 
4 
2 
-6 
-8 
2 
3 
-6 
10 
7 
-7 
-2 
-9 
-8 
-8 
8 
-3 
-8 
6 
9 
-5 
-1 
3 
-1 
4 
10 
5 
1 
9 
5 
-10 
1 
-9 
-1 
-4 
-2 
-8 
6 
3 
5 
-7 
-8 
7 
-3 
-9 
3 
10 
-5 
-2 
-2 
6 
-3 
-5.45504e-09 
10 
1 
-3 
-5 
-6 
-1 
-10 
2 
10 
7 
-9 
-6 
10 
8 
7 
6 
-8 
9 
7 
-1 
5 
-9 
3 
-2 
-1 
-10 
-3 
4 
7 
-7 
-5 
-3 
1 
-2 
1 
-1 
-10 
3 
8 
-2 
-5 
-4 
10 
4.61628e-08 
-6 
2 
8 
-1 
3.68319e-08 
6 
-2 
-3 
6 
6 
-2 
-6 
-3 
-2 
-5.02359e-08 
3 
8 
-6 
-8.14712e-08 
1 
6 
2 
3 
-10 
7 
6 
-3 
2 
-5 
-2.01512e-07 
-9 
1 
7 
8 
4 
6 
7 
-8 
-9 
-1 
2 
-3 
4 
-2.84621e-08 
-2 
-10 
-1 
3 
10 
7 
-5 
7 
-6 
-5 
10 
-10 
-10 
4 
-4 
9 
5 
4 
4 
2 
-1.11352e-08 
9 
-3 
-6 
2 
7 
10 
-2.85012e-07 
-5 
9 
2.90821e-08 
4 
8 
-2 
-7 
-3 
8 
-6 
1 
7 
4.80795e-08 
5 
7 
2 
-6 
-2 
-9 
1 
8 
-8 
-7 
-3 
7 
8 
4.23026e-08 
1 
-9 
-6 
3 
7.40999e-08 
3.71116e-08 
4 
4 
-2 
-10 
-3 
4 
-10 
1 
9 
4 
-8 
-8 
-3 
5 
1.62226e-08 
10 
-5 
-2 
-8 
6 
-9 
-5 
4 
-9 
1.01405e-07 
-1 
-9 
8 
-5 
-9 
-7 
4 
-2.29637e-08 
2 
-8.02982e-08 
9 
10 
3 
-8 
1 
9 
6 
-9.95438e-08 
-5 
4 
8 
3 
-9 
4 
-4 
1 
-9 
-10 
-3 
-6 
-5 
6 
-4 
4 
2 
1 
-2 
-6 
-6 
-7 
1.03983e-07 
8 
3 
10 
2 
-2 
3 
2 
-5 
-9 
-4 
4 
-2 
3 
-10 
-9 
-6 
3 
10 
7 
-4 
-2 
-1.6434e-09 
-1 
7 
2 
-6 
7 
5 
-2.56737e-08 
6 
9 
10 
-6 
2 
-1 
-9.30638e-09 
8 
-4.08522e-09 
-2 
1 
2 
3 
-8 
2 
-4 
-5 
-9 
8 
2 
8 
2 
8 
4 
-8 
7 
10 
-10 
2 
-6 
10 
-10 
9.58712e-08 
-9 
-10 
5 
8 
7 
-10 
-7 
3 
3 
-5 
-2 
8 
-5 
-7.68114e-09 
7 
-7 
9 
-3 
7 
-4 
2 
7.83615e-08 
4 
9 
-5 
4 
3 
-4 
5.38195e-08 
-5 
-8 
8 
-7 
5 
2 
7 
-9.33709e-08 
-3 
5 
2.41367e-08 
-2 
8 
-7 
-9 
2.66945e-08 
3 
-6 
-2.41426e-08 
-6 
-8 
5 
-1 
-5 
1 
-1 
8 
3 
-8 
-8 
8 
-9 
-1 
-7 
-6 
1.90459e-07 
10 
-8 
-5 
10 
-6 
-7 
-10 
1 
-6 
5 
-1 
10 
4 
4 
-3 
3 
-9 
4 
4 
-1 
3 
-5 
8 
4 
7 
9 
2 
-2 
1 
6 
-10 
-6 
-10 
-9 
-4 
1 
4 
5 
8 
4 
8 
-7 
8 
-8 
-10 
9 
3 
-4 
-8 
8 
5 
-10 
6 
-2 
9 
7 
-2 
1 
-8 
-8 
-5 
2 
-3.09856e-08 
-6 
4 
10 
3 
6 
-3 
-2 
6 
-2 
-9 
6 
3 
7 
6 
7 
4 
-2.77403e-08 
-9 
-7 
4 
10 
9 
7 
7 
8 
-7 
-7 
6.45192e-08 
-5 
-5 
-7 
6 
-3 
5 
-1.25689e-07 
3 
4 
-10 
8 
2 
-1 
9 
-1 
-2 
6 
-6 
-5 
-1 
7 
7 
-10 
-9 
1 
2 
1 
-1 
-2 
-8 
-1 
5 
-2 
-3 
2 
-1 
-7 
-10 
8 
-10 
5 
-5 
5 
-3 
5 
4 
5.64137e-08 
-1 
-3 
9 
5 
-2 
-10 
-1 
-9 
6 
-6 
-10 
-8 
-5 
-5 
10 
-6 
5 
3 
10 
-8 
-9 
-8 
-4.23878e-08 
-1 
5 
-3 
-3 
7 
-5.74031e-08 
-2 
2 
10 
-7.26108e-08 
-8 
-7 
8 
-1 
9 
10 
-6 
-4 
7 
10 
-1 
-8 
3 
-1 
9 
9 
6 
2 
2 
4 
5 
1 
-9 
5 
2.17907e-08 
-1 
-9 
1 
8 
-1 
-1 
3 
-7 
-10 
2 
-6 
2 
-8 
8 
10 
-2 
-1 
-2 
1 
6.01835e-09 
-8 
2 
8 
-3 
-9 
-4 
1 
9 
6 
6 
2 
-8 
7 
-10 
5 
-2 
3 
-10 
-1 
-8 
1 
7.24472e-08 
-5 
5.49608e-09 
6 
-5 
4 
-5 
3 
7 
1 
-7 
9 
3 
-6 
7 
6 
2 
-5 
8 
10 
7 
-9 
4 
9 
-6 
-5 
1 
-8 
-4 
-10 
9 
-8.25485e-08 
-9 
-4 
-6 
4 
-2 
-7 
-3 
-3 
-9 
4 
-4 
-9 
-2 
-9 
3 
9 
7 
8 
2 
-2 
8 
-8 
-6 
-6 
-10 
8 
-1 
3 
-2 
-3 
5 
-1 
-1.28828e-08 
-7 
1 
-2 
-4 
-9 
9 
7 
-5 
-6 
-1 
6 
3 
-1 
-1.11592e-08 
9 
-6 
-1 
5 
8 
6 
-6 
8 
6 
6 
-7 
2 
5 
6 
-2 
7 
10 
1 
-5.14748e-09 
-1 
3 
-4 
5 
-2 
6 
9 
3 
7 
9 
-7 
-5 
9 
3 
6 
-8 
-9 
-9 
-1 
1 
2 
3 
-6 
1 
3 
-2.75227e-08 
-7.38098e-08 
10 
7 
9 
9 
10 
10 
9 
-10 
-6 
-10 
10 
7 
8 
-10 
-10 
9 
-10 
-7 
3 
7 
6 
5.13381e-08 
-3 
-10 
5 
2 
9 
8 
-10 
-3 
-5 
6 
-1 
2 
-2 
-2 
-10 
-5 
4 
-1 
-1 
9 
-2 
-6 
7 
-7 
4 
10 
3 
-7 
8 
5 
5 
5 
-9 
-8 
7 
-8 
4 
-7 
9 
-1 
-1.07325e-07 
-10 
4 
10 
-1 
3 
5 
-2 
-3 
9 
10 
7 
-8 
-6 
-3 
-5 
2 
-3 
10 
9 
10 
-7 
10 
-4 
2 
6 
-8 
1 
7 
-8 
7 
3.30838e-08 
3.28947e-08 
-10 
-8 
-7 
-1 
9 
-7 
-3 
4 
-9 
-5 
-9 
-3 
1 
-8 
-7 
7 
-1 
3 
2 
-7 
-3 
-7 
-1 
5 
10 
-10 
1 
-8 
-5 
-5 
-10 
7.63492e-08 
-1 
10 
9 
-4 
6 
2 
4 
-6 
6 
-5 
1 
-9 
3 
-9 
4 
1 
8 
5 
6 
-2 
9 
10 
4 
10 
-9 
-8 
-3 
-1 
-8 
6 
-3 
-9 
-8 
3 
-2 
-9 
2 
-10 
10 
6 
-8 
-7 
9 
10 
-8 
-2 
-6 
-4 
9 
-7 
2 
-10 
-4 
1 
4 
-8.73683e-09 
-7 
7 
4.23569e-08 
-7 
-1 
-1 
-4 
5 
7 
-1.0681e-07 
7 
5 
-6 
4 
1 
-2 
10 
-8 
-8 
-5 
-7 
10 
-7 
9.96401e-09 
3 
4 
5 
5 
4 
8 
-9 
9 
-5 
9 
-4 
-6 
-1 
-6 
-2 
2.30137e-08 
5 
3.18291e-08 
-9 
-5 
1 
1.37201e-07 
2 
-10 
-2 
-8 
-7 
4 
9 
7 
1.25891e-08 
-10 
6 
-7 
-7 
6 
-5 
-8 
-3 
2 
8 
-5 
5 
5 
-8 
1 
5 
6 
8 
7 
2 
-2 
1 
1 
-3 
-5 
9 
10 
3 
9 
-1 
-3 
-1 
-6 
-1 
-4 
8 
8 
-5 
-4 
8 
10 
9 
6 
10 
10 
-4 
-5 
-8 
-9 
1.9112e-07 
2 
7 
-2 
-10 
-4 
-10 
10 
-8 
7 
6 
6 
1 
6 
-5 
6 
-1 
-6 
-2 
9 
5 
-2 
5 
4 
-3 
-5 
-5 
10 
-8 
-1 
6 
-4 
6 
-6 
5 
10 
7 
10 
-8 
-2 
-7 
4 
-1.07271e-07 
-4 
10 
-1 
-7 
-9 
10 
5 
-1.03473e-07 
-5 
-4 
-8 
-8 
-3 
6 
-10 
10 
-1 
-6.1298e-08 
-1 
-3 
3 
-3 
-3 
-2 
5 
3 
-1 
-7 
7 
-9 
4 
-1 
8 
-6 
1.94244e-07 
9 
-4 
-1 
-1 
-2 
-9 
-10 
-7 
-6 
-10 
-4 
7 
-2 
10 
-9 
10 
9 
-8 
1 
5.19702e-08 
2 
2 
10 
8 
5 
-3 
10 
1 
3 
10 
4 
-4 
4 
6 
-5 
-6 
-9 
-5 
-5 
5 
6 
-6 
-7 
-10 
1 
-10 
1 
1 
-7 
9 
-9 
-7 
-6 
4 
-1 
4 
1 
-4 
8 
8 
-2 
7.10398e-08 
-7.52094e-08 
-10 
-4 
2 
-6 
-9 
1 
5 
2 
-5 
-1 
1 
-10 
7 
2 
1 
-7 
3 
3 
-2 
4 
10 
10 
5 
-4 
-4.84716e-08 
2 
-3 
-10 
-9 
-7.94007e-09 
1 
-5 
9 
2 
-3 
3 
4 
-6 
5.32828e-08 
-1 
3 
-7 
5 
-3 
6 
-5 
4 
-4.88544e-08 
5 
4 
4 
-9 
1 
-5 
-4 
3 
-8 
8 
6 
4 
-2 
-5 
-4 
-9 
2 
5 
-6 
5 
-4 
-9 
7 
4 
-6 
-9 
2 
-5 
3.43262e-09 
1 
10 
-1 
-2 
5 
8 
2 
6 
-6 
3 
8 
-2 
8 
1 
6 
2 
-5 
-4 
-1 
-1 
-3 
-9 
4 
-3 
-10 
6 
-9 
5.48321e-08 
6 
-6 
-4 
-9 
1 
8.71583e-08 
3 
5 
9 
-9 
-8 
8.12989e-08 
-6 
-2 
6 
-5 
3 
2.48437e-08 
-8 
8.57092e-08 
6 
-6 
2 
-10 
4 
-4 
7 
5 
7 
-8 
9 
8 
1.33098e-07 
7 
-7 
-7 
3.12573e-08 
-3 
7 
-9 
7 
7 
4 
10 
5 
5 
-10 
-3 
1 
8 
9 
10 
-2 
9 
-6 
-4 
7 
2 
-4 
10 
-7 
6 
-7 
-1 
-4 
-5 
-7 
2 
8.70955e-08 
-9 
-10 
4 
-7 
1 
-1 
8 
2 
9 
-1 
-8 
6.73062e-08 
2 
-9 
-8 
3.81921e-09 
1 
3 
2 
-9 
-4 
8 
6 
2 
4 
-4 
-3 
9 
-9 
-1 
9 
-8 
8 
6 
3 
-10 
10 
-5 
-6 
-6 
-10 
-5 
-4 
7 
-9 
-6 
1 
-6 
-2 
-8 
1 
10 
-9 
-3 
-9 
-10 
-3 
3 
-8 
-9 
4 
-6 
-4 
-9 
-3 
5 
-10 
-1.09721e-07 
7 
-7 
3 
-10 
9 
7 
-2.22582e-09 
-5 
2 
10 
9 
-1 
-4 
10 
6 
9.08161e-08 
-3 
-2 
-1 
-3 
4 
8 
10 
1 
-8 
9 
8 
3 
-10 
3 
-4 
7 
-6 
-2 
-2 
10 
1 
5 
5 
-2 
-5 
8 
8 
8 
-3 
3 
1 
9 
9 
10 
8 
6 
9 
-8 
6.74954e-08 
4 
-2 
-6 
-7 
6 
1 
7 
-9 
5 
5 
7 
-2 
3 
3 
-5 
6 
8 
8 
-8 
-1.616e-07 
-6 
10 
9 
-4 
-6 
-4 
2 
5 
3 
5 
-5 
-9 
-8.41351e-08 
-9 
4 
-10 
-3 
5 
-8 
-9 
10 
3 
3 
10 
1 
-7 
-4 
-2 
8 
5 
5 
1.0785e-07 
-9 
2 
10 
9 
-7 
-8 
-5 
8 
-3 
2 
-10 
-9 
5 
-6 
4 
3 
9 
7 
-7 
5 
1.23214e-08 
1 
4 
-7 
9 
8 
10 
9 
-6 
-5 
-1 
6 
2 
3 
3 
8 
-6 
-3 
2 
3 
-10 
7 
7 
-10 
3 
7 
-7 
10 
-3 
-2 
9 
5 
10 
5 
-8 
-6 
8 
-8 
3 
-8 
-8 
5 
-10 
2 
-4 
6 
10 
-7 
7 
-10 
-5 
-6 
-6 
7 
7 
-1 
-2 
-10 
-10 
-4 
2.99321e-08 
-7 
-9 
3 
4 
-10 
-3 
9 
-3 
5 
-6 
10 
4 
-10 
5 
1 
1 
2 
4 
4 
6 
-6 
-10 
1 
6 
-6 
-3 
-6 
8 
1 
-10 
8 
1 
2 
-5 
9 
8 
