5000 1
5 
-10 
7 
5 
-9 
10 
-4 
1 
10 
-6 
-8 
-10 
5 
-3 
-9 
-7 
8 
-2 
-1 
3 
10 
-1 
1 
3 
2 
4 
10 
1 
5 
6 
-5 
9.06319e-08 
2 
-9 
-4 
6 
4 
-2 
7 
-1 
4 
1 
-10 
-8 
6 
5 
5 
4 
-7 
3 
8 
3 
3 
-6 
-9 
5 
-1 
4 
9 
-5 
9 
-3 
-7 
-1 
4 
-8 
7 
9 
-8 
-9 
8 
4 
6 
4 
-4 
-10 
4 
-7 
1 
-7 
8 
3 
2.41645e-07 
4 
-8 
-7 
4 
-3 
-10 
10 
-5 
-3 
8 
-7 
7 
-8 
-9 
5 
-8 
-4 
9 
-5 
2.68252e-07 
3 
-1 
9 
-2 
-6 
7 
9 
-4 
9 
7 
10 
6 
-5 
2 
-4.78183e-07 
-5 
-2 
-2 
-6 
-1 
-8 
8 
5 
2 
2 
-10 
7 
-4 
3 
-9 
-7 
1 
-10 
-8 
-7 
-9 
6 
7 
-6 
5 
-10 
-3 
-6 
-3 
6 
3 
-3 
-8 
5 
10 
4 
5 
6 
5 
3 
-9 
-3 
10 
-1.94144e-07 
6 
3.22381e-07 
6 
3.79466e-07 
-10 
1 
4 
-8 
-2 
9 
1 
5 
7 
-10 
-7 
-10 
-5 
6 
-9 
-7 
-3 
7 
-4 
-5.15693e-07 
-10 
-1 
-8 
-6 
-4 
3 
-10 
4 
5 
3 
2 
9 
1.38353e-07 
-1 
-2 
6 
3.25945e-08 
9 
-5 
9 
-8 
-10 
-9 
5 
-1 
-1 
6 
-7 
4 
5 
-5 
-2 
8 
-10 
-1 
8 
3 
5 
-6 
7 
-8 
-6 
5 
3 
5 
5 
4 
-2 
1 
-1 
6 
-5 
-6 
8 
-3 
2 
2.69662e-08 
-7 
-4 
8 
-2 
-4 
1 
10 
-10 
1 
-4 
3.83851e-09 
3 
-10 
9 
3 
-8 
1 
-5 
-5.2837e-07 
-10 
-8 
5 
10 
-7 
6 
-10 
1 
-6 
9 
7 
1 
-2 
-10 
-3 
7 
8 
5 
10 
5 
-6 
-8 
10 
-7.26183e-08 
2 
-8 
-1 
10 
5 
9 
-8 
7 
-1 
-7 
-9 
-8 
4 
-5 
5 
-8 
-3 
8 
-9 
10 
1.00105e-07 
-3 
-7 
7 
-3 
-1 
7 
-4 
6 
7 
2 
1.16404e-07 
1 
-2 
-2 
3 
-9 
-4 
-1 
8 
-7 
9 
-1 
6 
3 
-10 
9 
-6 
-9 
-5 
-8 
-6 
-6 
-2 
-10 
-7 
9 
-2 
-4 
-5 
6 
3 
-8 
-4 
3 
-10 
8 
-4 
-1 
-9 
-5 
-9 
-4 
6 
1.17243e-07 
-6 
-1 
-2 
-4 
-9 
4 
-10 
3 
-10 
-3 
-1 
-8 
6 
3 
10 
3 
-5 
-3 
-5 
1.77462e-07 
7 
-7.396e-08 
-8 
6 
1 
-7 
6 
-3 
4 
5 
5 
-10 
1 
2 
-7 
7 
10 
-7 
-2.48138e-07 
-6 
9 
-1 
10 
-9 
5 
6 
7 
5 
9 
2 
3 
10 
-5 
5 
-2 
-10 
1 
-1 
4 
6 
6 
1 
8 
10 
-2 
5 
-5 
-1.64767e-07 
5 
-8 
-10 
4 
-10 
-10 
-1 
10 
-5 
8 
7 
0.999999 
10 
-10 
2 
8 
10 
-4 
-3 
2 
-5 
6 
-3 
-1 
-3 
-7 
10 
5 
-6 
1.09169e-07 
-1 
7 
4 
9 
-2 
3 
4 
4 
1 
-10 
-7 
4 
-5 
9 
3 
1 
7 
2 
1 
-8 
-4 
10 
-2 
10 
-5 
-3 
9 
6 
5 
8 
7 
-8 
-9 
1 
-3 
6 
6 
4 
6 
3 
-1 
-3 
5 
-6 
-10 
4 
2 
5 
-10 
-7 
3 
9 
6 
-4 
2 
2 
4 
-10 
-7 
-6 
9 
3 
-5 
-3 
10 
-6 
-8 
9 
-8 
-3 
10 
-7 
-10 
-2 
6 
10 
1.71838e-08 
5 
-4 
-9 
1 
-1 
2 
6 
9 
3 
-8 
6 
8 
-5 
-7 
10 
3 
10 
-8 
4 
9 
9 
-7 
-4 
5.51102e-08 
5 
-3 
10 
-9 
-3.22755e-07 
-7 
-5 
5 
1 
-1 
-1 
-4 
-3 
10 
6 
-7 
7 
-1 
-6 
-5.82053e-08 
-10 
2.3539e-07 
-7 
-8 
2 
9 
-3 
8 
4 
-1 
5 
-2 
-9 
-10 
1 
10 
-7 
8 
-2 
1 
-7 
-9 
-4 
6 
2 
8 
-1 
-8 
10 
-7 
-5 
-1 
-9 
1 
-5 
-4.58916e-08 
-7 
2 
4 
7 
1.36287e-07 
4 
3 
-10 
-10 
2 
-1 
-7 
-6 
-4 
-8 
3 
-3 
4 
1 
7 
2 
-1 
-1.70764e-07 
6.4837e-08 
-3 
7 
3 
9 
9 
-3 
2 
7 
8 
-9 
9 
9 
-1 
-6 
3 
-8 
5 
-6 
-7 
7 
-6 
2.05234e-08 
-4 
-1 
-2 
1 
-4 
8 
-7 
1 
-3 
2 
9 
1 
1 
7 
8 
7 
10 
3 
-2 
3 
-7 
-7 
-7 
9 
3 
-3 
-9 
-2 
-4 
-8 
2.94192e-08 
-2 
-9 
-8 
-1 
-10 
1 
3 
-7 
5.97931e-08 
5 
6 
2 
-4 
1 
3 
4 
9 
1 
-4 
3 
-1 
-9 
7 
5 
-3 
8 
-1.8335e-07 
9 
8 
5 
-5 
7 
-6 
-6 
7 
-7 
-2 
1 
-6 
-4 
9 
10 
10 
1.26349e-07 
9 
-3 
-7 
-1 
-2 
-8 
-2 
8 
8 
-8 
6 
-5 
3 
-2 
-3 
8 
2 
-10 
-7 
2 
4 
-8 
6 
-5 
4 
-3 
-6 
-4 
-5 
2 
9 
6 
-7 
5 
5 
7 
-8 
4 
3 
-3 
9 
-4 
4 
-8 
-3 
-8 
-4 
1 
3 
2 
-10 
-5 
-1 
7 
2 
1 
7 
-6 
-2 
-9 
-6 
-8 
-7 
-3 
2 
3 
-10 
1 
7 
-5 
9 
-1 
5 
4.40959e-07 
-4 
8 
-4 
5.61985e-07 
-9 
-9 
10 
-3.5256e-07 
4 
8 
-1 
1 
-3 
6 
2 
6 
5 
1 
-6 
7 
8 
-7 
-1 
-8 
-3 
6 
2 
1 
-1 
8 
-10 
-5 
2 
4 
8 
-9 
-7 
1 
-9 
-8 
3 
-4 
4 
4 
-1 
2.58289e-07 
2 
-10 
5.15228e-07 
6 
10 
-8 
-3 
-2 
4 
4 
1 
7 
3 
-10 
-5 
-7 
-6 
1 
4 
9.34486e-08 
7 
-3 
-4 
9 
7 
-6 
-3 
1 
5 
-3 
3 
-4 
4 
9 
5 
-4 
4 
-2 
-8 
1 
-3 
7 
8 
-6 
9 
6 
-5 
10 
-8 
1 
-9 
3 
-9 
-1 
-7 
-5 
1 
3 
-10 
-7 
7 
1 
-4 
-2 
1 
-2 
-1 
6 
5.99857e-08 
-2 
9 
-2 
-9.40119e-08 
-7 
-2 
-8 
-8 
6 
5 
2 
10 
-7 
-5 
3 
8 
10 
-1 
1 
-9 
-10 
-9 
-10 
-3 
4 
5 
3 
-3 
5 
1 
-1 
10 
-9 
2 
4 
10 
8 
-6 
-6 
10 
-7 
-9 
-6 
-5 
-6 
5 
6 
7 
-9 
2 
-10 
-3.51886e-07 
-5 
10 
2 
-3 
-6 
-6 
5 
6 
3 
4 
9 
5 
-1 
-5 
9 
-2 
-7 
-3 
-1.65232e-07 
-5 
-2 
-2 
5 
6 
-6 
1 
10 
-8 
5 
-3 
-10 
6 
5 
-1 
8 
9 
-1 
2 
-3 
9 
-1 
10 
-2 
2 
4 
4 
8 
-9 
4 
3 
5 
10 
-8 
6 
-1 
-1 
-8 
-3.33989e-07 
8 
1 
3 
-2 
2 
-2 
-2 
2 
-8 
-10 
-7 
5 
1.80367e-07 
-7 
4 
10 
-1 
3 
4 
-2.42094e-07 
6 
4 
9 
6 
4 
-5 
-1 
10 
1 
7 
3 
-5 
-4.045e-07 
-10 
-3 
8 
9 
-6 
8 
-8.65194e-08 
6 
-6 
-7 
6 
1 
6 
4 
6 
-3 
-2 
3 
1 
-10 
9 
-1 
-2 
9 
-8 
-9 
3 
-8 
7 
4 
-1 
-9 
-1 
1 
10 
-9 
6 
7 
-5 
-3 
-2 
7 
6 
-6 
9 
6 
-8 
6 
-10 
4.35796e-07 
-9 
-7 
-7 
4 
-10 
7 
-10 
-6 
-6.3322e-08 
-7 
2 
5 
-7 
4 
-10 
9 
-5 
-7 
9 
-2 
-2 
-6 
-2 
2 
7 
-2 
8 
1 
-1.38674e-07 
5 
-3 
9 
-10 
-4 
9 
-3 
-10 
-4 
-3 
-5 
-2 
5 
1 
-2 
3 
-7 
4 
-2 
7 
6 
10 
-6 
7 
6 
-8 
10 
-5 
3 
-6 
5.47298e-07 
-5 
3.15297e-07 
2 
5.59706e-08 
3 
-10 
1.02377e-07 
8 
-4 
-2.51463e-07 
-4 
9 
4 
1 
-8 
-5 
-10 
10 
4 
-5 
8 
-1 
-8 
4 
-1 
-10 
-2 
3 
10 
-3 
1 
7 
7 
7 
-10 
6 
-8 
-6 
5 
6 
-5 
10 
1 
3.06982e-07 
-8 
-4 
5 
-2 
-8 
-1.03467e-07 
-10 
-5 
6 
2 
-1 
-9 
-9 
4 
-3 
9 
2 
-7 
-2 
7 
8 
-10 
9 
-8 
8 
1.0907e-07 
7 
-2 
-5 
4 
-1 
3.01761e-07 
10 
5 
10 
1 
-2 
5 
-2 
9 
-4.69416e-07 
-3.11935e-07 
-2 
4 
-7 
5 
-2 
-9 
1 
-1 
8 
6 
-10 
-2 
2 
10 
9 
-8.03238e-08 
1 
-3 
-4 
-10 
-10 
4 
9 
-10 
10 
6 
-8 
-9 
9 
-4 
-7 
6 
10 
8 
5 
2 
7 
8 
-1 
6 
1 
2 
9.25081e-08 
-2 
-4 
-9 
-3 
9 
-7 
5 
4 
-3 
-5 
9 
3 
-7 
-4 
-10 
-8 
7 
6 
1 
8 
2 
3 
4 
8 
-6 
-6 
9 
9 
-1 
1.46764e-08 
-1 
2 
4 
-8 
10 
-1 
1 
-7 
-2 
-9 
-5 
4 
6 
-4 
10 
9 
-4 
2 
2 
5.4893e-07 
-2 
2 
-1 
9 
-10 
5 
-2 
2 
6 
-2.3569e-07 
-9 
-9 
-9 
5 
-8 
7 
7 
3 
-6 
-6 
-1 
-8 
1 
-10 
-9 
-5 
-7 
-9 
-1.80723e-07 
-9 
8 
3 
6 
3 
-8 
-7 
6 
3 
2 
-6 
2 
-2 
4 
3 
-10 
1 
-3.44525e-07 
9 
6 
-3 
10 
5 
6 
8 
-10 
2 
8 
-7 
-9 
-6 
-9 
-9 
-7 
-1 
10 
8 
2 
-3 
-5 
-1 
-2 
-2 
4 
2 
9 
-8 
5 
-1 
-3 
9 
-8 
-1 
4 
-6 
1 
-3 
9 
9 
9 
-9 
2 
4 
-1.96182e-07 
-4 
-2 
-3 
9 
-8 
-7 
7 
4 
-3 
-2 
-3 
6 
6 
7 
4 
-3 
-9 
-9 
2 
8 
-1 
1 
-9 
-1 
10 
-9 
-9 
9 
9 
-4 
-1.33069e-08 
7 
8 
5 
-5 
7 
9 
7 
3 
10 
-6 
-4 
3 
1 
-1 
1 
-9 
-4 
5 
10 
-1 
8 
-5 
-4 
7 
-2 
-5 
3 
-10 
-7 
4 
-3 
-2 
-5 
-8 
1 
10 
-3 
5 
-5 
7 
2 
-7 
-10 
8 
-5 
-10 
-5 
1 
-8 
4 
5 
2 
2 
-5 
-5 
-6 
5 
2 
8 
-6 
10 
5 
-7 
-5 
5 
-8 
-7 
-3 
-5 
9 
3 
-10 
-9 
-6 
-10 
-5 
6 
-7 
1 
-9 
4 
5 
-2 
-8 
4 
-10 
-3 
10 
9 
5 
-10 
-4 
-1 
9 
10 
-2 
2 
-8 
7 
-8 
1 
-9 
7.21188e-08 
-3 
3 
-1 
3.9786e-08 
10 
2.98588e-07 
7 
-3 
10 
4 
-6 
5 
-6 
5 
-8 
-3 
-3 
-5 
-2 
-1 
-5 
7.75381e-08 
9 
7 
-6 
9 
-8 
6 
-9 
1 
-8 
8 
-2.60383e-08 
8 
1 
2 
-1 
4 
-4 
-6.46749e-07 
-3 
-5 
5 
8 
-6 
5 
4 
7 
-4 
8 
-1 
-9 
3 
-8 
-2 
-10 
-7 
8 
-5 
-10 
1.37424e-07 
4 
4 
-2 
-6 
6 
-9 
-1 
-2 
1 
-9 
4 
-7 
10 
-3 
-4 
-2 
-9 
-10 
-4 
7 
4 
5 
-9 
-3 
-6 
7 
1 
10 
-5 
10 
5 
-3 
-1 
-10 
2 
5 
7 
9 
-10 
3.2628e-07 
6 
10 
6 
8 
-3 
-9 
8 
-6 
-1 
9 
-3 
-5 
-10 
-5 
-1 
1 
1.63212e-08 
-8 
-5 
-5 
-7 
-7 
8 
5 
2 
7 
7 
-6 
9 
-6.86836e-08 
-10 
-4 
-2 
-2.33928e-07 
-9 
7 
-4.65637e-08 
4 
10 
-2 
-1 
-4 
1 
10 
1 
8 
-7 
4 
9 
4 
-2 
-4 
-8 
-3 
-7 
5 
-3 
-7 
-7 
-1.62049e-07 
6 
-1 
-6 
-2 
-10 
-7 
5 
-7 
4 
5 
-9 
-9 
9 
-9 
-9 
-9 
8 
-4 
5 
-1.28833e-07 
9 
1 
9 
7 
8 
-8 
-2 
-7 
10 
-8 
4 
-6 
-8 
-5 
-8 
-10 
-4.5676e-07 
9 
-2 
-9 
1 
-7 
-2 
-2.92267e-07 
5 
2 
-2 
9 
-3 
-6 
-3 
2 
8 
-6 
8 
2 
9 
-2 
-5 
4 
-7 
3 
8 
8 
6 
6 
8 
-9 
7 
-8 
-1 
5 
-6 
8 
-9 
-6 
-3 
8 
2 
-6 
-7 
10 
8 
6 
10 
4 
-4 
-9 
-7.9319e-08 
-5 
-10 
-10 
8 
-3 
-8 
4 
-2 
7 
5 
-4.0523e-07 
-5 
6 
3 
-5 
10 
8 
-3 
-8 
-10 
-8 
-8 
2 
-6 
10 
-1 
9.9044e-08 
-10 
-8 
1 
7 
-3 
3.38264e-07 
4 
2 
8 
6 
-6 
-1 
8 
1 
5 
-2 
4 
-2 
10 
-9 
8 
7 
8 
-10 
8 
-6 
6 
3 
-9.59456e-08 
-6 
-10 
-3 
-3 
8 
8 
9 
8 
3 
10 
9 
4 
-5 
-6 
-10 
1 
-4 
2.56727e-08 
8 
-3 
4 
6 
0.999999 
10 
-5 
-6 
-6 
-9 
-2 
-2 
3 
2 
7 
5 
7 
-7 
-9 
-8 
-5 
10 
-1 
-2 
1 
6 
7 
8 
-8 
2 
-9 
-5 
10 
-10 
-8 
10 
-3.65068e-08 
2.50937e-07 
-10 
-1 
4 
-6.15364e-07 
-7 
4 
1 
-8 
5 
1.61e-07 
-2 
5 
3 
-9 
-5 
-4 
-5 
1.79714e-07 
7 
-6 
-9 
-2 
-4 
5 
-6 
2 
-4 
9 
7 
-4 
2 
-3 
-3 
-7 
-7 
5 
6 
2 
7 
5 
-1 
5 
8 
1 
-2.1998e-07 
-1 
8 
-9 
8 
9 
10 
9 
3 
-5 
-6 
-2 
-3 
7.09737e-09 
3 
10 
-5 
-2 
-8 
-2 
-4.51554e-07 
-1 
-1 
10 
3 
-8 
-8 
1 
3 
-2 
10 
-2 
9 
5 
8 
-9 
3 
-3 
9 
10 
-10 
2 
-10 
10 
8 
1 
7 
-5 
2 
2 
2 
-5 
-9 
1 
10 
-7 
4 
-8 
-2 
9 
4 
-7 
-7 
-3 
-4 
10 
8 
10 
8 
10 
1 
-5 
7 
1 
-5 
9 
6 
-1 
-8 
-2 
6 
-8 
-3 
-10 
10 
10 
-2 
-5 
-9 
-6 
10 
-9 
7 
9 
-5 
1.85767e-07 
5 
2 
-9 
-3 
-10 
-6 
8 
2 
-6 
-6 
9 
-9 
-1 
3 
-1 
9 
-2 
5 
9 
-7 
-5 
-6 
-10 
7 
-6 
9 
1 
9 
-8 
5 
3 
-7 
-3 
4 
2 
9 
-4 
-6 
9 
-7 
8 
-6 
9 
-5 
7 
-8 
2 
10 
-7 
1 
-6 
-3 
-10 
7 
-1 
6 
1 
-5 
2 
2 
10 
4 
5 
8 
-1.77705e-07 
-4 
-4 
-10 
4 
2 
10 
-3 
-9 
-10 
-4 
-6 
4 
3 
3 
7 
-8 
6 
-2 
2 
-10 
-1 
-0.999999 
3.15275e-07 
8 
-5 
-6 
3 
8 
-6 
-4.09245e-07 
2.03804e-07 
2 
-2 
-3.47986e-07 
-9 
-8 
8 
-6 
-1.86997e-08 
-1 
-2 
4 
5 
-2 
4 
6 
-1 
4 
-8 
9 
-9 
8 
1 
9 
7 
5 
1 
1 
3 
5 
-3 
-6 
-7.18252e-08 
4.06953e-07 
-5 
-4 
2 
5 
10 
9 
9.54173e-08 
10 
-8 
-1 
8 
10 
7 
6 
-10 
-6 
2.44414e-07 
-9 
-10 
-2.86317e-07 
10 
6 
-6 
4 
2 
3 
6 
2 
7 
8 
-2 
5 
6 
-4 
6 
-5 
10 
-10 
2 
4 
-7 
4 
5 
-4 
8 
6 
2 
1 
-6 
-1 
-7 
-2 
-9 
-3 
4 
7 
-2 
1 
6 
4 
10 
2 
3 
-5 
-10 
-5 
-10 
2.56956e-07 
-8 
1 
-6 
3 
6 
4 
4 
-1.87201e-07 
-5 
-6 
-2 
10 
-2 
4 
-3 
9 
5 
-4 
-8.98034e-08 
10 
8 
-1 
-4 
4 
-7 
2 
-6 
9 
7 
-10 
8 
-4 
4 
-9 
-4 
8 
3.51963e-07 
5 
2 
-2 
2 
3 
-10 
-9 
4 
-10 
1.85172e-07 
8 
3 
6 
-5 
-10 
-9 
9 
-2 
-2 
-9 
2 
-10 
1 
-5 
-9 
5 
-2 
6 
10 
-1.43815e-08 
-6 
4 
10 
1 
-2 
9 
4.18449e-07 
-1 
-5 
5 
-4 
9 
-6 
3 
3 
9 
-2 
6 
4 
-3 
3 
7 
7 
-4 
7.32271e-08 
0.999999 
8 
-5 
-7 
8 
1 
-4 
-7 
-7 
-1 
-10 
-4 
-4 
9 
-4 
-1 
9 
10 
8 
-3 
-1 
-7 
-2 
2.73903e-07 
-5 
-2 
10 
6 
2 
-7 
7 
-7 
10 
-5 
6 
-3 
-1 
9 
-2 
-6 
-8 
-10 
4 
9 
8 
-9 
-9 
2 
9 
-5 
6 
-10 
-8 
7 
5 
5 
-10 
-6 
-4 
8 
4 
-4 
-9 
5 
4 
8 
8 
-2.23663e-07 
1 
-6 
7 
-10 
-7 
7 
-5 
-4 
-4 
5 
-6 
5 
9 
-9 
8 
-4.10457e-07 
3 
10 
-3 
-4 
-2 
10 
-1 
4 
4 
7 
5 
6 
8 
-1 
-9 
1 
3 
5 
-6 
5 
-9 
-9 
-4 
-10 
6 
-9 
5 
-9 
8 
-3 
1 
8 
-2 
-8 
5 
-2 
6 
8 
-6 
-10 
6 
-6 
-9 
7 
6 
-6 
4.347e-07 
6 
7 
-1 
7 
3 
4 
1 
-2 
-10 
-9 
2 
9 
-1 
3 
-6 
-10 
9 
2 
9 
2 
1 
7 
-9 
-2 
-4 
-8 
3 
-5 
9 
3.08229e-07 
-6 
4 
-8 
2 
-8 
-4 
-4 
2 
5 
10 
-1 
1 
3 
6 
5 
-5 
9 
-7 
-10 
-10 
-4 
5 
-4 
8 
7 
9 
-1 
-5 
7 
8 
10 
5 
4 
-4.9939e-08 
6 
-3 
6 
7 
2 
-8 
3 
-8 
-9 
-7 
-9 
6 
6 
5 
2 
7 
-8 
-9 
-1 
6 
-5 
4 
-8 
1 
2 
-8 
-2.1111e-07 
-9 
-3 
-3.70648e-08 
3 
-8 
7 
5 
7 
-9 
-8 
7 
-2 
10 
-3 
-10 
9 
-2 
7 
6 
10 
-9 
9 
-6 
10 
9 
3 
-5 
-2 
1.90196e-07 
2 
-5 
-2 
6 
5 
-6 
-1 
-1 
-6 
5 
7 
-2 
-10 
7 
-7 
-7 
9 
-10 
2 
-1 
-3.05066e-07 
-8 
-2 
5.46196e-08 
-4 
3 
-6 
-7 
3 
-7 
7 
-8 
8 
9 
2 
-8 
-9 
1 
-1 
-9 
-6 
4 
8 
-6 
6 
-1 
-5 
3 
3 
10 
10 
-2 
4 
4 
7 
1 
-7 
7 
7 
-9 
8 
1 
9 
-3 
-8 
1 
-2 
-8 
7 
3 
10 
7 
8 
-8 
1 
5.39205e-07 
-6 
-6 
10 
-7.9417e-08 
2.99562e-07 
-7 
5 
6 
-6 
-2 
-6 
9 
3 
4 
9 
6 
7 
3 
-3 
-6 
-8 
-5 
-3 
2 
-5 
2 
-9 
6 
2 
-2.92999e-07 
-5 
3 
1 
1 
-2 
5 
-4 
1 
-1 
-7 
-8 
-3 
5 
-8 
6 
-10 
1 
6 
-7 
-3 
10 
-4 
4 
-6 
8 
-10 
-4 
2 
8 
-8 
1 
6 
6 
-7 
-2 
6 
-7 
9 
-1 
8 
7 
9 
2 
8 
1 
5 
-9 
3 
9 
4 
-2 
-10 
-7 
-8 
-8 
8 
-1 
-7 
-3 
-2.23067e-08 
1 
-5 
7 
4 
2 
-6 
4 
-7 
-3.53712e-07 
-4 
-3 
-3 
5 
-9 
2 
-7 
-10 
-2 
9 
-8 
-2 
8 
6 
9 
-10 
3 
7 
10 
5 
-1.25354e-07 
-1 
-3 
-4 
6 
-10 
-10 
5 
-9 
6.72308e-08 
-5 
-7 
5 
2 
1 
10 
-9 
-2 
-9 
4 
2 
-7 
-3 
6 
6 
8 
10 
-5 
1 
-1 
-2 
7 
4 
-4 
1.58354e-07 
-4 
-8 
8 
2.67272e-07 
7 
2 
5 
3 
-9 
1.37457e-07 
-4 
-4 
3 
5 
-9 
8 
4 
4 
-6 
-2 
-7 
10 
-5 
5 
-10 
1 
5 
-8 
-10 
4 
8 
7 
5 
1 
-7 
-8 
5 
-8 
-6 
5 
-9 
-10 
6 
7 
10 
-10 
-4 
-8 
-10 
9 
8 
-8 
-3 
-2 
7 
10 
-4 
8 
1 
-6 
-10 
-4 
5 
-4 
2 
-8 
7 
-1 
-3 
3 
-8 
-9 
9 
-3 
3 
-2 
10 
-5 
4 
-1 
-7 
-3 
1.9427e-07 
2 
4 
-5 
4 
1 
-10 
-5 
10 
-7 
-5 
-9 
-7 
3 
-7 
-4 
7 
-8 
-3.94093e-07 
6 
-3 
-5 
-8 
6 
-3 
5 
2 
8 
-7 
2 
-3 
4 
9 
9 
-2.25593e-07 
-3 
8 
5 
6 
3 
-9 
9 
-10 
5 
10 
9 
-4 
-10 
-9 
4 
-4 
5 
-10 
6 
4 
9 
3 
-7 
-7 
4 
-8 
-5 
-8 
6 
8 
-1 
-5 
-8 
9 
8 
-6 
5 
3 
-1 
4 
-10 
1 
1 
-3.8842e-07 
-6 
10 
-5 
-8 
1 
-1.00931e-07 
-1 
-8 
3 
1 
3 
-2 
7 
-5 
-7 
-4 
-9 
-2 
-3 
-3 
-3 
-7 
10 
6 
-4 
-4 
-9.00938e-08 
10 
5 
-10 
1.4113e-07 
2 
-6 
5 
7 
1 
6 
8 
4 
-6 
2 
-8 
-4 
-7 
8 
-3 
10 
2 
-2.32901e-07 
1 
1 
-2 
-2 
1 
-2 
-7 
-10 
-8 
-4 
10 
3 
8 
-6 
10 
3 
1 
-7 
-5 
9 
8 
-8 
9 
-2 
-6 
-1 
1 
3 
-3 
6.08918e-08 
3 
-5 
-6 
1 
2 
5 
1 
-4 
8 
-9 
-6 
8 
-4 
-6 
-2 
-10 
-4.79664e-08 
3 
3 
-4 
9 
4 
-8 
-3 
8 
-9 
8 
-2.41869e-07 
2 
9 
-9 
-8 
-10 
7 
-4 
-9 
3 
7 
4 
1 
-8 
-9 
3 
7 
-5 
6 
-7 
7 
3.11302e-07 
9 
8 
10 
5 
-2 
7 
-5 
-7 
1.32335e-07 
-4 
3 
-9 
7 
-4 
6 
-1.17037e-07 
6.48539e-07 
-2 
7 
-7 
-9 
-6 
8 
-1 
3 
6 
-8 
6 
2 
-8 
-7 
5 
9 
8 
6 
-1 
5 
-10 
-10 
2.06494e-07 
-7 
-8 
-7 
6 
-2 
-2 
2 
8 
-7 
-6 
-8 
1.456e-07 
-8 
3 
-4 
-2 
3 
-6 
-3 
2 
-10 
-2 
4 
7 
-3 
-8 
-10 
6 
-5 
10 
-5 
2 
5 
-1 
10 
8 
-8 
-9 
3 
4 
-6 
-3 
4 
3 
-8 
-4 
7 
-6 
-2 
-5 
-1 
-3 
-7 
9 
5 
6 
7 
-7 
2 
1.81398e-07 
-3 
-4 
10 
-9 
-10 
2 
2 
10 
-6 
9 
-7 
-6 
1 
9 
1 
-5 
5 
-1 
2 
-9 
-4 
-4 
-4 
6 
-9 
1 
4 
4 
6 
4 
-1 
-7 
4 
-7 
5 
-8 
1 
-4 
-2.25652e-07 
4 
-6 
-5 
-1 
2 
1 
-8.62808e-08 
1 
4 
10 
1 
-5 
1 
2 
6 
-4 
6 
-9 
-4 
-7 
-5 
7 
8 
5 
6 
-8 
-7 
-3 
-5 
3 
8 
-8 
-6 
6 
1 
-9 
9 
6 
6 
9 
5 
-3 
10 
-2 
-6 
2.63228e-07 
1 
-8 
-4 
-3 
-9 
1 
1 
-9 
-6 
-7 
-1 
1 
-1 
5.2911e-09 
-8 
-6 
-9 
-3 
-10 
4 
2 
-6 
-8 
2 
3 
-6 
10 
7 
-7 
-2 
-9 
-8 
-8 
8 
-3 
-8 
6 
9 
-5 
-1 
3 
-1 
4 
10 
5 
1 
9 
5 
-10 
1 
-9 
-1 
-4 
-2 
-8 
6 
3 
5 
-7 
-8 
7 
-3 
-9 
3 
10 
-5 
-2 
-2 
6 
-3 
-2.169e-09 
10 
1 
-3 
-5 
-6 
-1 
-10 
2 
10 
7 
-9 
-6 
10 
8 
7 
6 
-8 
9 
7 
-1 
5 
-9 
3 
-2 
-0.999999 
-10 
-3 
4 
7 
-7 
-5 
-3 
1 
-2 
1 
-1 
-10 
3 
8 
-2 
-5 
-4 
10 
-1.18815e-07 
-6 
2 
8 
-1 
-9.81264e-08 
6 
-2 
-3 
6 
6 
-2 
-6 
-3 
-2 
1.73037e-07 
3 
8 
-6 
2.57982e-07 
1 
6 
2 
3 
-10 
7 
6 
-3 
2 
-5 
7.03951e-07 
-9 
1 
7 
8 
4 
6 
7 
-8 
-9 
-1 
2 
-3 
4 
5.46201e-08 
-2 
-10 
-1 
3 
10 
7 
-5 
7 
-6 
-5 
10 
-10 
-10 
4 
-4 
9 
5 
4 
4 
2 
-5.36795e-08 
9 
-3 
-6 
2 
7 
10 
9.06737e-07 
-5 
9 
2.51752e-08 
4 
8 
-2 
-7 
-3 
8 
-6 
1 
7 
-2.33614e-07 
5 
7 
2 
-6 
-2 
-9 
1 
8 
-8 
-7 
-3 
7 
8 
-4.47613e-08 
1 
-9 
-6 
3 
-2.07975e-07 
-1.42649e-07 
4 
4 
-2 
-10 
-3 
4 
-10 
1 
9 
4 
-8 
-8 
-3 
5 
-1.55078e-07 
10 
-5 
-2 
-8 
6 
-9 
-5 
4 
-9 
-3.66263e-07 
-1 
-9 
8 
-5 
-9 
-7 
4 
9.25627e-08 
2 
1.70935e-07 
9 
10 
3 
-8 
1 
9 
6 
2.99322e-07 
-5 
4 
8 
3 
-9 
4 
-4 
1 
-9 
-10 
-3 
-6 
-5 
6 
-4 
4 
2 
1 
-2 
-6 
-6 
-7 
-2.96861e-07 
8 
3 
10 
2 
-2 
3 
2 
-5 
-9 
-4 
4 
-2 
3 
-10 
-9 
-6 
3 
10 
7 
-4 
-2 
-1.32664e-08 
-1 
7 
2 
-6 
7 
5 
6.6934e-08 
6 
9 
10 
-6 
2 
-1 
4.69758e-08 
8 
-8.31265e-08 
-2 
1 
2 
3 
-8 
2 
-4 
-5 
-9 
8 
2 
8 
2 
8 
4 
-8 
7 
10 
-10 
2 
-6 
10 
-10 
-3.34655e-07 
-9 
-10 
5 
8 
7 
-10 
-7 
3 
3 
-5 
-2 
8 
-5 
3.44412e-08 
7 
-7 
9 
-3 
7 
-4 
2 
-2.65067e-07 
4 
9 
-5 
4 
3 
-4 
-2.95616e-08 
-5 
-8 
8 
-7 
5 
2 
7 
2.34391e-07 
-3 
5 
1.20895e-07 
-2 
8 
-7 
-9 
7.33371e-09 
3 
-6 
8.57278e-08 
-6 
-8 
5 
-1 
-5 
1 
-1 
8 
3 
-8 
-8 
8 
-9 
-1 
-7 
-6 
-5.62626e-07 
10 
-8 
-5 
10 
-6 
-7 
-10 
1 
-6 
5 
-1 
10 
4 
4 
-3 
3 
-9 
4 
4 
-1 
3 
-5 
8 
4 
7 
9 
2 
-2 
1 
6 
-10 
-6 
-10 
-9 
-4 
1 
4 
5 
8 
4 
8 
-7 
8 
-8 
-10 
9 
3 
-4 
-8 
8 
5 
-10 
6 
-2 
9 
7 
-2 
1 
-8 
-8 
-5 
2 
1.01483e-07 
-6 
4 
10 
3 
6 
-3 
-2 
6 
-2 
-9 
6 
3 
7 
6 
7 
4 
-3.7896e-08 
-9 
-7 
4 
10 
9 
7 
7 
8 
-7 
-7 
-1.21759e-07 
-5 
-5 
-7 
6 
-3 
5 
3.89114e-07 
3 
4 
-10 
8 
2 
-1 
9 
-1 
-2 
6 
-6 
-5 
-1 
7 
7 
-10 
-9 
1 
2 
1 
-1 
-2 
-8 
-1 
5 
-2 
-3 
2 
-1 
-7 
-10 
8 
-10 
5 
-5 
5 
-3 
5 
4 
-9.51793e-08 
-1 
-3 
9 
5 
-2 
-10 
-1 
-9 
6 
-6 
-10 
-8 
-5 
-5 
10 
-6 
5 
3 
10 
-8 
-9 
-8 
4.89232e-08 
-1 
5 
-3 
-3 
7 
1.68303e-07 
-2 
2 
10 
2.67145e-07 
-8 
-7 
8 
-0.999999 
9 
10 
-6 
-4 
7 
10 
-1 
-8 
3 
-1 
9 
9 
6 
2 
2 
4 
5 
1 
-9 
5 
-9.08593e-08 
-1 
-9 
1 
8 
-1 
-1 
3 
-7 
-10 
2 
-6 
2 
-8 
8 
10 
-2 
-1 
-2 
1 
3.61975e-08 
-8 
2 
8 
-3 
-9 
-4 
1 
9 
6 
6 
2 
-8 
7 
-10 
5 
-2 
3 
-10 
-1 
-8 
1 
-3.06879e-07 
-5 
-6.22064e-08 
6 
-5 
4 
-5 
3 
7 
1 
-7 
9 
3 
-6 
7 
6 
2 
-5 
8 
10 
7 
-9 
4 
9 
-6 
-5 
1 
-8 
-4 
-10 
9 
1.9191e-07 
-9 
-4 
-6 
4 
-2 
-7 
-3 
-3 
-9 
4 
-4 
-9 
-2 
-9 
3 
9 
7 
8 
2 
-2 
8 
-8 
-6 
-6 
-10 
8 
-1 
3 
-2 
-3 
5 
-1 
-1.51043e-08 
-7 
1 
-2 
-4 
-9 
9 
7 
-5 
-6 
-1 
6 
3 
-1 
5.77893e-08 
9 
-6 
-1 
5 
8 
6 
-6 
8 
6 
6 
-7 
2 
5 
6 
-2 
7 
10 
1 
4.34592e-08 
-1 
3 
-4 
5 
-2 
6 
9 
3 
7 
9 
-7 
-5 
9 
3 
6 
-8 
-9 
-9 
-1 
1 
2 
3 
-6 
1 
3 
-1.33482e-08 
1.86505e-07 
10 
7 
9 
9 
10 
10 
9 
-10 
-6 
-10 
10 
7 
8 
-10 
-10 
9 
-10 
-7 
3 
7 
6 
-1.62247e-07 
-3 
-10 
5 
2 
9 
8 
-10 
-3 
-5 
6 
-1 
2 
-2 
-2 
-10 
-5 
4 
-1 
-1 
9 
-2 
-6 
7 
-7 
4 
10 
3 
-7 
8 
5 
5 
5 
-9 
-8 
7 
-8 
4 
-7 
9 
-1 
3.18835e-07 
-10 
4 
10 
-1 
3 
5 
-2 
-3 
9 
10 
7 
-8 
-6 
-3 
-5 
2 
-3 
10 
9 
10 
-7 
10 
-4 
2 
6 
-8 
1 
7 
-8 
7 
1.55757e-09 
-1.17318e-07 
-10 
-8 
-7 
-1 
9 
-7 
-3 
4 
-9 
-5 
-9 
-3 
1 
-8 
-7 
7 
-1 
3 
2 
-7 
-3 
-7 
-1 
5 
10 
-10 
1 
-8 
-5 
-5 
-10 
-3.10923e-07 
-1 
10 
9 
-4 
6 
2 
4 
-6 
6 
-5 
1 
-9 
3 
-9 
4 
1 
8 
5 
6 
-2 
9 
10 
4 
10 
-9 
-8 
-3 
-1 
-8 
6 
-3 
-9 
-8 
3 
-2 
-9 
2 
-10 
10 
6 
-8 
-7 
9 
10 
-8 
-2 
-6 
-4 
9 
-7 
2 
-10 
-4 
1 
4 
-1.43847e-08 
-7 
7 
-4.26617e-08 
-7 
-1 
-1 
-4 
5 
7 
3.88954e-07 
7 
5 
-6 
4 
1 
-2 
10 
-8 
-8 
-5 
-7 
10 
-7 
1.93473e-08 
3 
4 
5 
5 
4 
8 
-9 
9 
-5 
9 
-4 
-6 
-1 
-6 
-2 
-9.90321e-08 
5 
-1.26548e-07 
-9 
-5 
1 
-4.47298e-07 
2 
-10 
-2 
-8 
-7 
4 
9 
7 
8.93765e-08 
-10 
6 
-7 
-7 
6 
-5 
-8 
-3 
2 
8 
-5 
5 
5 
-8 
1 
5 
6 
8 
7 
2 
-2 
1 
1 
-3 
-5 
9 
10 
3 
9 
-1 
-3 
-1 
-6 
-1 
-4 
8 
8 
-5 
-4 
8 
10 
9 
6 
10 
10 
-4 
-5 
-8 
-9 
-6.6706e-07 
2 
7 
-2 
-10 
-4 
-10 
10 
-8 
7 
6 
6 
1 
6 
-5 
6 
-1 
-6 
-2 
9 
5 
-2 
5 
4 
-3 
-5 
-5 
10 
-8 
-1 
6 
-4 
6 
-6 
5 
10 
7 
10 
-8 
-2 
-7 
4 
3.11412e-07 
-4 
10 
-1 
-7 
-9 
10 
5 
4.70002e-07 
-5 
-4 
-8 
-8 
-3 
6 
-10 
10 
-1 
1.85644e-07 
-1 
-3 
3 
-3 
-3 
-2 
5 
3 
-1 
-7 
7 
-9 
4 
-1 
8 
-6 
-5.94653e-07 
9 
-4 
-1 
-1 
-2 
-9 
-10 
-7 
-6 
-10 
-4 
7 
-2 
10 
-9 
10 
9 
-8 
1 
-2.06397e-07 
2 
2 
10 
8 
5 
-3 
10 
1 
3 
10 
4 
-4 
4 
6 
-5 
-6 
-9 
-5 
-5 
5 
6 
-6 
-7 
-10 
1 
-10 
1 
1 
-7 
9 
-9 
-7 
-6 
4 
-1 
4 
1 
-4 
8 
8 
-2 
-2.38259e-07 
2.17552e-07 
-10 
-4 
2 
-6 
-9 
1 
5 
2 
-5 
-1 
1 
-10 
7 
2 
1 
-7 
3 
3 
-2 
4 
10 
10 
5 
-4 
1.12371e-07 
2 
-3 
-10 
-9 
-1.14085e-09 
1 
-5 
9 
2 
-3 
3 
4 
-6 
-1.68832e-07 
-0.999999 
3 
-7 
5 
-3 
6 
-5 
4 
2.45611e-07 
5 
4 
4 
-9 
1 
-5 
-4 
3 
-8 
8 
6 
4 
-2 
-5 
-4 
-9 
2 
5 
-6 
5 
-4 
-9 
7 
4 
-6 
-9 
2 
-5 
-9.97218e-09 
1 
10 
-1 
-2 
5 
8 
2 
6 
-6 
3 
8 
-2 
8 
1 
6 
2 
-5 
-4 
-1 
-1 
-3 
-9 
4 
-3 
-10 
6 
-9 
-1.86273e-07 
6 
-6 
-4 
-9 
1 
-3.40597e-07 
3 
5 
9 
-9 
-8 
-1.92382e-07 
-6 
-2 
6 
-5 
3 
-7.2665e-08 
-8 
-2.81995e-07 
6 
-6 
2 
-10 
4 
-4 
7 
5 
7 
-8 
9 
8 
-3.97964e-07 
7 
-7 
-7 
-7.62539e-08 
-3 
7 
-9 
7 
7 
4 
10 
5 
5 
-10 
-3 
1 
8 
9 
10 
-2 
9 
-6 
-4 
7 
2 
-4 
10 
-7 
6 
-7 
-1 
-4 
-5 
-7 
2 
-3.0656e-07 
-9 
-10 
4 
-7 
1 
-1 
8 
2 
9 
-1 
-8 
-2.1329e-07 
2 
-9 
-8 
-2.0488e-09 
1 
3 
2 
-9 
-4 
8 
6 
2 
4 
-4 
-3 
9 
-9 
-1 
9 
-8 
8 
6 
3 
-10 
10 
-5 
-6 
-6 
-10 
-5 
-4 
7 
-9 
-6 
1 
-6 
-2 
-8 
1 
10 
-9 
-3 
-9 
-10 
-3 
3 
-8 
-9 
4 
-6 
-4 
-9 
-3 
5 
-10 
3.5081e-07 
7 
-7 
3 
-10 
9 
7 
1.44835e-08 
-5 
2 
10 
9 
-0.999999 
-4 
10 
6 
-3.61318e-07 
-3 
-2 
-1 
-3 
4 
8 
10 
1 
-8 
9 
8 
3 
-10 
3 
-4 
7 
-6 
-2 
-2 
10 
1 
5 
5 
-2 
-5 
8 
8 
8 
-3 
3 
1 
9 
9 
10 
8 
6 
9 
-8 
-9.55465e-08 
4 
-2 
-6 
-7 
6 
1 
7 
-9 
5 
5 
7 
-2 
3 
3 
-5 
6 
8 
8 
-8 
5.02034e-07 
-6 
10 
9 
-4 
-6 
-4 
2 
5 
3 
5 
-5 
-9 
2.68199e-07 
-9 
4 
-10 
-3 
5 
-8 
-9 
10 
3 
3 
10 
1 
-7 
-4 
-2 
8 
5 
5 
-3.69681e-07 
-9 
2 
10 
9 
-7 
-8 
-5 
8 
-3 
2 
-10 
-9 
5 
-6 
4 
3 
9 
7 
-7 
5 
-1.00471e-07 
1 
4 
-7 
9 
8 
10 
9 
-6 
-5 
-1 
6 
2 
3 
3 
8 
-6 
-3 
2 
3 
-10 
7 
7 
-10 
3 
7 
-7 
10 
-3 
-2 
9 
5 
10 
5 
-8 
-6 
8 
-8 
3 
-8 
-8 
5 
-10 
2 
-4 
6 
10 
-7 
7 
-10 
-5 
-6 
-6 
7 
7 
-1 
-2 
-10 
-10 
-4 
-1.66685e-07 
-7 
-9 
3 
4 
-10 
-3 
9 
-3 
5 
-6 
10 
4 
-10 
5 
1 
1 
2 
4 
4 
6 
-6 
-10 
1 
6 
-6 
-3 
-6 
8 
1 
-10 
8 
1 
2 
-5 
9 
8 
