1000 1
1.7841e-07 
1.80691e-07 
1.54173e-07 
1.73067e-07 
1.4591e-07 
1.15313e-07 
1.6011e-07 
1.37405e-07 
1.62456e-07 
1.41998e-07 
1.5363e-07 
1.35078e-07 
1.807e-07 
1.74309e-07 
1.52073e-07 
1.37477e-07 
1.62879e-07 
1.70324e-07 
1.54904e-07 
1.78509e-07 
1.72942e-07 
1.50687e-07 
1.4271e-07 
1.1893e-07 
1.50247e-07 
1.66736e-07 
1.31607e-07 
1.76471e-07 
1.83588e-07 
1.64531e-07 
1.59323e-07 
1.51528e-07 
1.4547e-07 
1.47814e-07 
1.75312e-07 
1.24512e-07 
1.34428e-07 
1.52194e-07 
1.52636e-07 
1.43792e-07 
1.27097e-07 
1.39692e-07 
1.54606e-07 
1.62506e-07 
1.80272e-07 
1.81137e-07 
1.61575e-07 
1.66687e-07 
1.35755e-07 
1.63929e-07 
1.41338e-07 
1.34802e-07 
1.61243e-07 
1.32877e-07 
1.63558e-07 
1.6818e-07 
1.52304e-07 
1.5029e-07 
1.49229e-07 
1.69027e-07 
1.47121e-07 
1.49174e-07 
1.5558e-07 
1.63604e-07 
1.39845e-07 
1.26272e-07 
1.28264e-07 
1.80721e-07 
1.49078e-07 
1.80584e-07 
1.49933e-07 
1.56445e-07 
1.47232e-07 
1.54008e-07 
1.47436e-07 
1.54966e-07 
1.5462e-07 
1.52093e-07 
1.52259e-07 
1.37006e-07 
1.41702e-07 
1.26964e-07 
1.40326e-07 
1.59775e-07 
1.57759e-07 
1.37899e-07 
1.46032e-07 
1.50403e-07 
1.58274e-07 
1.35734e-07 
1.41341e-07 
1.4205e-07 
1.40715e-07 
1.16629e-07 
1.70191e-07 
1.52752e-07 
1.34838e-07 
1.53619e-07 
1.34911e-07 
1.46971e-07 
1.45585e-07 
1.59679e-07 
1.7042e-07 
1.66939e-07 
1.62065e-07 
1.52678e-07 
1.41641e-07 
1.32901e-07 
1.44423e-07 
1.53144e-07 
1.41487e-07 
1.31268e-07 
1.63086e-07 
1.5883e-07 
1.51779e-07 
1.68725e-07 
1.39216e-07 
1.67659e-07 
1.69298e-07 
1.46221e-07 
1.62072e-07 
1.31965e-07 
1.53854e-07 
1.56887e-07 
1.45163e-07 
1.57567e-07 
1.43372e-07 
1.36315e-07 
1.55488e-07 
1.47402e-07 
1.61653e-07 
1.67791e-07 
1.57845e-07 
1.43821e-07 
1.52935e-07 
1.48635e-07 
1.65373e-07 
1.61784e-07 
1.42827e-07 
1.42829e-07 
1.32694e-07 
1.48452e-07 
1.38373e-07 
1.52478e-07 
1.38039e-07 
1.4734e-07 
1.4193e-07 
1.56951e-07 
1.52584e-07 
1.42466e-07 
1.51548e-07 
1.58939e-07 
1.42055e-07 
1.36737e-07 
1.57909e-07 
1.36034e-07 
1.49014e-07 
1.64446e-07 
1.67131e-07 
1.58504e-07 
1.51137e-07 
1.37334e-07 
1.35525e-07 
1.52527e-07 
1.68797e-07 
1.5878e-07 
1.65937e-07 
1.62272e-07 
1.46398e-07 
1.32682e-07 
1.56145e-07 
1.34645e-07 
1.58132e-07 
1.5101e-07 
1.48571e-07 
1.49691e-07 
1.34164e-07 
1.2981e-07 
1.52298e-07 
1.37777e-07 
1.45781e-07 
1.41357e-07 
1.29999e-07 
1.66473e-07 
1.64055e-07 
1.68081e-07 
1.51706e-07 
1.37414e-07 
1.46222e-07 
1.46901e-07 
1.49402e-07 
1.41028e-07 
1.18818e-07 
1.35155e-07 
1.51003e-07 
1.5266e-07 
1.42914e-07 
1.34372e-07 
1.3559e-07 
1.49819e-07 
1.39012e-07 
1.35795e-07 
1.52497e-07 
1.32513e-07 
1.56847e-07 
1.70296e-07 
1.46862e-07 
1.30658e-07 
1.6037e-07 
1.44308e-07 
1.52824e-07 
1.49038e-07 
1.3031e-07 
1.40162e-07 
1.56587e-07 
1.60386e-07 
1.63472e-07 
1.59893e-07 
1.5207e-07 
1.52445e-07 
1.38818e-07 
1.42401e-07 
1.47249e-07 
1.636e-07 
1.47042e-07 
1.27983e-07 
1.57179e-07 
1.5222e-07 
1.46574e-07 
1.30559e-07 
1.19707e-07 
1.47887e-07 
1.52243e-07 
1.54878e-07 
1.7584e-07 
1.62515e-07 
1.65714e-07 
1.7202e-07 
1.4898e-07 
1.5281e-07 
1.50318e-07 
1.4902e-07 
1.5003e-07 
1.3235e-07 
1.53326e-07 
1.40513e-07 
1.68451e-07 
1.60791e-07 
1.56516e-07 
1.4461e-07 
1.46493e-07 
1.48845e-07 
1.58721e-07 
1.56072e-07 
1.49639e-07 
1.67302e-07 
1.54168e-07 
1.45784e-07 
1.3607e-07 
1.42506e-07 
1.47949e-07 
1.52345e-07 
1.33191e-07 
1.43065e-07 
1.50902e-07 
1.40373e-07 
1.36685e-07 
1.34663e-07 
1.363e-07 
1.5093e-07 
1.37528e-07 
1.32058e-07 
1.38309e-07 
1.39306e-07 
1.41022e-07 
1.54801e-07 
1.56291e-07 
1.51707e-07 
1.35674e-07 
1.65993e-07 
1.5739e-07 
1.47342e-07 
1.54265e-07 
1.41351e-07 
1.40311e-07 
1.568e-07 
1.52908e-07 
1.32833e-07 
1.46166e-07 
1.40161e-07 
1.60829e-07 
1.5685e-07 
1.46264e-07 
1.40651e-07 
1.44333e-07 
1.4527e-07 
1.69419e-07 
1.51218e-07 
1.49752e-07 
1.51831e-07 
1.65641e-07 
1.54846e-07 
1.5666e-07 
1.6103e-07 
1.56192e-07 
1.55637e-07 
1.42704e-07 
1.62248e-07 
1.65034e-07 
1.51687e-07 
1.45193e-07 
1.44879e-07 
1.61539e-07 
1.6511e-07 
1.46912e-07 
1.35832e-07 
1.40637e-07 
1.51488e-07 
1.52969e-07 
1.55746e-07 
1.74196e-07 
1.67031e-07 
1.45351e-07 
1.64936e-07 
1.48646e-07 
1.54623e-07 
1.6437e-07 
1.43821e-07 
1.29959e-07 
1.38807e-07 
1.52694e-07 
1.54513e-07 
1.43494e-07 
1.61267e-07 
1.52379e-07 
1.36461e-07 
1.43225e-07 
1.40282e-07 
1.5568e-07 
1.45019e-07 
1.32124e-07 
1.36131e-07 
1.44341e-07 
1.46e-07 
1.61794e-07 
1.58115e-07 
1.53187e-07 
1.57161e-07 
1.51788e-07 
1.38007e-07 
1.54899e-07 
1.38279e-07 
1.44749e-07 
1.50712e-07 
1.40202e-07 
1.4078e-07 
1.37187e-07 
1.54778e-07 
1.49392e-07 
1.37107e-07 
1.58899e-07 
1.67631e-07 
1.4532e-07 
1.52239e-07 
1.39267e-07 
1.59029e-07 
1.54827e-07 
1.47898e-07 
1.43915e-07 
1.43501e-07 
1.53746e-07 
1.40795e-07 
1.53649e-07 
1.55543e-07 
1.45317e-07 
1.42373e-07 
1.53035e-07 
1.48024e-07 
1.69347e-07 
1.51329e-07 
1.38932e-07 
1.46761e-07 
1.5683e-07 
1.49119e-07 
1.38387e-07 
1.42801e-07 
1.42032e-07 
1.51589e-07 
1.46934e-07 
1.57342e-07 
1.48421e-07 
1.68135e-07 
1.31979e-07 
1.55963e-07 
1.67084e-07 
1.43621e-07 
1.46403e-07 
1.60163e-07 
1.3918e-07 
1.51486e-07 
1.49251e-07 
1.41505e-07 
1.33105e-07 
1.59912e-07 
1.53771e-07 
1.4142e-07 
1.231e-07 
1.47467e-07 
1.63889e-07 
1.52599e-07 
1.48218e-07 
1.463e-07 
1.4824e-07 
1.5705e-07 
1.44703e-07 
1.5217e-07 
1.62967e-07 
1.45117e-07 
1.41758e-07 
1.49833e-07 
1.55762e-07 
1.2521e-07 
1.53559e-07 
1.59455e-07 
1.33922e-07 
1.45279e-07 
1.56759e-07 
1.5941e-07 
1.50533e-07 
1.47024e-07 
1.4378e-07 
1.38616e-07 
1.48754e-07 
1.45955e-07 
1.52007e-07 
1.55493e-07 
1.36607e-07 
1.42728e-07 
1.58101e-07 
1.50391e-07 
1.53981e-07 
1.31631e-07 
1.45636e-07 
1.38919e-07 
1.48254e-07 
1.48283e-07 
1.58947e-07 
1.43143e-07 
1.60799e-07 
1.56276e-07 
1.459e-07 
1.35262e-07 
1.6654e-07 
1.53886e-07 
1.57559e-07 
1.63858e-07 
1.40873e-07 
1.50798e-07 
1.53993e-07 
1.59469e-07 
1.5862e-07 
1.45622e-07 
1.44754e-07 
1.53894e-07 
1.57153e-07 
1.54253e-07 
1.39046e-07 
1.36151e-07 
1.50283e-07 
1.5501e-07 
1.47091e-07 
1.57394e-07 
1.43418e-07 
1.46489e-07 
1.56924e-07 
1.38315e-07 
1.45967e-07 
1.45195e-07 
1.24747e-07 
1.45436e-07 
1.50072e-07 
1.52793e-07 
1.48991e-07 
1.53902e-07 
1.41731e-07 
1.45678e-07 
1.45166e-07 
1.46291e-07 
1.4778e-07 
1.48367e-07 
1.59568e-07 
1.53483e-07 
1.47702e-07 
1.51469e-07 
1.38362e-07 
1.42308e-07 
1.50039e-07 
1.42458e-07 
1.3913e-07 
1.5327e-07 
1.46754e-07 
1.626e-07 
1.29771e-07 
1.33148e-07 
1.39426e-07 
1.395e-07 
1.61906e-07 
1.39746e-07 
1.40038e-07 
1.31317e-07 
1.36307e-07 
1.46157e-07 
1.43782e-07 
1.40742e-07 
1.46091e-07 
1.40136e-07 
1.47275e-07 
1.5593e-07 
1.71373e-07 
1.41565e-07 
1.5193e-07 
1.59431e-07 
1.41559e-07 
1.60161e-07 
1.53881e-07 
1.40104e-07 
1.39778e-07 
1.533e-07 
1.59568e-07 
1.64457e-07 
1.52822e-07 
1.41445e-07 
1.4378e-07 
1.55284e-07 
1.46005e-07 
1.50693e-07 
1.34239e-07 
1.41009e-07 
1.44411e-07 
1.45532e-07 
1.53121e-07 
1.48803e-07 
1.35476e-07 
1.56117e-07 
1.52653e-07 
1.52742e-07 
1.57162e-07 
1.43404e-07 
1.53118e-07 
1.50745e-07 
1.28229e-07 
1.50942e-07 
1.62922e-07 
1.60289e-07 
1.43398e-07 
1.51927e-07 
1.56825e-07 
1.58733e-07 
1.30611e-07 
1.5113e-07 
1.46473e-07 
1.49024e-07 
1.45074e-07 
1.46295e-07 
1.51982e-07 
1.56975e-07 
1.47634e-07 
1.40888e-07 
1.59984e-07 
1.49901e-07 
1.60045e-07 
1.26121e-07 
1.45146e-07 
1.41401e-07 
1.56851e-07 
1.66494e-07 
1.46267e-07 
1.56552e-07 
1.65011e-07 
1.55995e-07 
1.36556e-07 
1.58939e-07 
1.64694e-07 
1.42511e-07 
1.1863e-07 
1.53015e-07 
1.497e-07 
1.46025e-07 
1.56004e-07 
1.46478e-07 
1.35931e-07 
1.57593e-07 
1.45944e-07 
1.47588e-07 
1.49305e-07 
1.41214e-07 
1.49332e-07 
1.47407e-07 
1.42091e-07 
1.41575e-07 
1.70405e-07 
1.58489e-07 
1.41895e-07 
1.41543e-07 
1.50366e-07 
1.38571e-07 
1.46008e-07 
1.39638e-07 
1.43526e-07 
1.38006e-07 
1.37429e-07 
1.52621e-07 
1.52636e-07 
1.37136e-07 
1.43916e-07 
1.55236e-07 
1.35734e-07 
1.77252e-07 
1.65903e-07 
1.50896e-07 
1.49109e-07 
1.47567e-07 
1.53108e-07 
1.45307e-07 
1.40029e-07 
1.62431e-07 
1.43684e-07 
1.59785e-07 
1.5059e-07 
1.4627e-07 
1.67067e-07 
1.45784e-07 
1.55095e-07 
1.23961e-07 
1.43112e-07 
1.59408e-07 
1.45101e-07 
1.45877e-07 
1.50894e-07 
1.49013e-07 
1.5267e-07 
1.48279e-07 
1.50043e-07 
1.58888e-07 
1.53359e-07 
1.45114e-07 
1.49805e-07 
1.68729e-07 
1.30322e-07 
1.4757e-07 
1.49896e-07 
1.43534e-07 
1.4239e-07 
1.38637e-07 
1.61131e-07 
1.55622e-07 
1.54309e-07 
1.41301e-07 
1.45225e-07 
1.56941e-07 
1.45968e-07 
1.31797e-07 
1.3755e-07 
1.39726e-07 
1.50911e-07 
1.45345e-07 
1.45567e-07 
1.42449e-07 
1.37371e-07 
1.42808e-07 
1.36254e-07 
1.31024e-07 
1.35242e-07 
1.32485e-07 
1.53163e-07 
1.51748e-07 
1.49556e-07 
1.39865e-07 
1.54373e-07 
1.52696e-07 
1.54856e-07 
1.60175e-07 
1.4365e-07 
1.37247e-07 
1.54733e-07 
1.61202e-07 
1.49601e-07 
1.42907e-07 
1.59608e-07 
1.4884e-07 
1.2646e-07 
1.40639e-07 
1.34433e-07 
1.4293e-07 
1.46995e-07 
1.43118e-07 
1.37553e-07 
1.72411e-07 
1.5946e-07 
1.40475e-07 
1.55427e-07 
1.31681e-07 
1.55574e-07 
1.46805e-07 
1.52199e-07 
1.39892e-07 
1.58994e-07 
1.42631e-07 
1.54471e-07 
1.58978e-07 
1.51077e-07 
1.25749e-07 
1.39102e-07 
1.4437e-07 
1.46509e-07 
1.3207e-07 
1.63141e-07 
1.6286e-07 
1.625e-07 
1.43306e-07 
1.28762e-07 
1.51728e-07 
1.55234e-07 
1.45381e-07 
1.49039e-07 
1.80187e-07 
1.56386e-07 
1.54398e-07 
1.48336e-07 
1.50177e-07 
1.49749e-07 
1.42359e-07 
1.41098e-07 
1.4847e-07 
1.35099e-07 
1.63675e-07 
1.27396e-07 
1.5965e-07 
1.35583e-07 
1.59913e-07 
1.38942e-07 
1.45138e-07 
1.46396e-07 
1.42087e-07 
1.58375e-07 
1.45663e-07 
1.43025e-07 
1.36395e-07 
1.44287e-07 
1.41565e-07 
1.30356e-07 
1.50078e-07 
1.52086e-07 
1.50638e-07 
1.61243e-07 
1.27245e-07 
1.59701e-07 
1.56262e-07 
1.43671e-07 
1.51047e-07 
1.4743e-07 
1.51913e-07 
1.56528e-07 
1.47349e-07 
1.68906e-07 
1.54621e-07 
1.45662e-07 
1.54143e-07 
1.42647e-07 
1.43621e-07 
1.49421e-07 
1.44412e-07 
1.72492e-07 
1.28046e-07 
1.45423e-07 
1.55237e-07 
1.6037e-07 
1.39373e-07 
1.58139e-07 
1.54796e-07 
1.48266e-07 
1.55723e-07 
1.45904e-07 
1.44661e-07 
1.523e-07 
1.50876e-07 
1.46812e-07 
1.40253e-07 
1.45303e-07 
1.55566e-07 
1.50468e-07 
1.49312e-07 
1.49133e-07 
1.34816e-07 
1.3624e-07 
1.51897e-07 
1.50623e-07 
1.72642e-07 
1.48199e-07 
1.62427e-07 
1.51774e-07 
1.46545e-07 
1.54664e-07 
1.60078e-07 
1.46099e-07 
1.66958e-07 
1.69767e-07 
1.53527e-07 
1.41941e-07 
1.27619e-07 
1.69372e-07 
1.62799e-07 
1.67668e-07 
1.49855e-07 
1.6863e-07 
1.25221e-07 
1.45718e-07 
1.47003e-07 
1.60957e-07 
1.64801e-07 
1.65464e-07 
1.35962e-07 
1.4276e-07 
1.6665e-07 
1.58819e-07 
1.53773e-07 
1.49195e-07 
1.35576e-07 
1.33581e-07 
1.29928e-07 
1.51463e-07 
1.45494e-07 
1.43826e-07 
1.65239e-07 
1.64502e-07 
1.25675e-07 
1.6126e-07 
1.61255e-07 
1.56105e-07 
1.37113e-07 
1.45068e-07 
1.50918e-07 
1.44663e-07 
1.42339e-07 
1.52625e-07 
1.5766e-07 
1.73588e-07 
1.50355e-07 
1.57221e-07 
1.59003e-07 
1.7185e-07 
1.4875e-07 
1.53326e-07 
1.77754e-07 
1.58608e-07 
1.51901e-07 
1.4121e-07 
1.51748e-07 
1.59474e-07 
1.52167e-07 
1.51603e-07 
1.30653e-07 
1.33686e-07 
1.47626e-07 
1.41131e-07 
1.51164e-07 
1.43442e-07 
1.57042e-07 
1.48444e-07 
1.24593e-07 
1.55583e-07 
1.42712e-07 
1.39373e-07 
1.38587e-07 
1.63814e-07 
1.6041e-07 
1.25798e-07 
1.3852e-07 
1.57517e-07 
1.37398e-07 
1.53578e-07 
1.28182e-07 
1.22628e-07 
1.32211e-07 
1.44468e-07 
1.52248e-07 
1.61842e-07 
1.32867e-07 
1.44876e-07 
1.4393e-07 
1.41584e-07 
1.40597e-07 
1.47926e-07 
1.36736e-07 
1.60204e-07 
1.53583e-07 
1.57188e-07 
1.47178e-07 
1.38378e-07 
1.29691e-07 
1.15365e-07 
1.52076e-07 
1.57169e-07 
1.62456e-07 
1.58376e-07 
1.36375e-07 
1.39759e-07 
1.49629e-07 
1.6164e-07 
1.59812e-07 
1.44764e-07 
1.44373e-07 
1.51068e-07 
1.27589e-07 
1.39729e-07 
1.11332e-07 
1.61555e-07 
1.47379e-07 
1.40066e-07 
1.53603e-07 
1.53468e-07 
1.63464e-07 
1.66051e-07 
1.58204e-07 
1.53389e-07 
1.3258e-07 
1.44319e-07 
1.50799e-07 
1.32454e-07 
1.7424e-07 
1.6691e-07 
1.4912e-07 
1.48484e-07 
1.60168e-07 
1.37331e-07 
1.4428e-07 
1.56245e-07 
1.62264e-07 
1.81017e-07 
1.57759e-07 
1.68085e-07 
1.48013e-07 
1.23802e-07 
1.66099e-07 
1.82294e-07 
1.68837e-07 
1.4042e-07 
1.47615e-07 
1.69363e-07 
1.2387e-07 
1.16151e-07 
1.42164e-07 
1.54514e-07 
1.6958e-07 
1.50534e-07 
1.54532e-07 
1.48985e-07 
1.5964e-07 
1.45929e-07 
1.49708e-07 
1.49341e-07 
1.63776e-07 
1.66292e-07 
1.37945e-07 
1.58758e-07 
1.64947e-07 
1.36027e-07 
1.55236e-07 
1.80101e-07 
1.4556e-07 
1.43936e-07 
1.57883e-07 
1.49515e-07 
1.63239e-07 
1.26045e-07 
1.60758e-07 
1.51523e-07 
1.34883e-07 
1.36542e-07 
1.66386e-07 
1.80426e-07 
1.47622e-07 
1.71868e-07 
1.4555e-07 
1.64067e-07 
1.76438e-07 
1.47052e-07 
1.6165e-07 
1.34179e-07 
1.48515e-07 
1.64908e-07 
1.5759e-07 
1.72696e-07 
1.67928e-07 
1.22526e-07 
1.3814e-07 
1.67209e-07 
2.25866e-07 
1.70676e-07 
1.982e-07 
