10 50
0.999955 -0.0083082 -0.00189938 -0.00258182 -0.0019737 -0.00180964 -0.000312451 -0.000465381 -0.000951416 -0.000301941 -0.00054959 -0.000427288 -0.000519542 -0.000276175 -0.000360473 -0.000629466 -0.000568394 -0.000371238 -0.000395415 -7.20625e-05 -0.000300242 -5.39407e-06 -0.000107801 -5.72476e-05 -0.00033372 -6.08128e-05 -0.000151739 -4.55934e-05 -3.67706e-05 -0.000343125 -7.06669e-05 -0.000163731 -0.000260987 -0.000184013 -8.612e-05 -0.000181081 -0.000144062 -0.000131938 -0.000254957 -7.42777e-05 -0.000191514 -0.000127634 -0.000182263 -9.16971e-05 -0.000201663 -6.19749e-05 -7.55843e-05 -0.00017102 -0.000190415 -1.35746e-05 
0.008278 0.999914 -0.00943986 -0.00260356 -0.000265286 -0.000471192 -0.00130825 -0.00147663 -0.000490303 -6.86165e-05 -1.99266e-05 -0.00045014 -5.33996e-05 -0.000194621 -0.000742826 -0.000645326 -0.000566291 -0.000165963 -0.000317082 -0.000205682 -0.000399807 -0.000253559 -0.000315535 -0.000239209 -1.7543e-05 -0.000179314 -0.000372328 -0.000356981 -0.000264935 -0.000101817 -0.000251871 -0.000211984 -0.000114354 -0.000214761 -4.88765e-05 -0.000129659 -0.00025144 -0.000230375 -8.96749e-05 -5.97359e-05 -0.000229934 -8.7001e-05 -0.000168246 -0.000226784 -0.000137784 -0.000148584 -0.000190922 -9.52315e-05 -0.000197762 -8.19621e-05 
0.00193937 0.00939483 0.999906 -0.00812668 -0.0033774 -0.00301812 -0.00118996 -0.000428118 -0.00157311 -0.00129975 -0.000173087 -0.000971765 -0.000634965 -0.000388456 -0.000516672 -0.000217564 -0.000564241 -0.00020228 -0.000278421 -0.000129205 -0.000103528 -0.000143184 -0.000278489 -0.000197318 -7.34667e-05 -0.000393609 -4.30231e-05 -5.13794e-05 -0.000189507 -0.000281328 -0.000350967 -0.00032301 -0.000228488 -0.000123217 -0.000232708 -0.000112022 -8.77851e-05 -6.7126e-05 -0.000160801 -6.45194e-05 -4.13827e-05 -0.000187129 -3.17957e-05 -0.00019434 -3.88309e-05 -0.000173636 -1.74911e-05 -0.000210617 -1.24489e-05 -0.00010987 
0.0026079 0.00264822 0.00807706 0.999949 -0.00173847 -0.00121419 -0.00265278 -0.00182918 -0.00131894 -0.0016186 -0.000906855 -0.000952636 -0.000104163 -0.00013258 -0.000474394 -6.38543e-05 -5.69581e-05 -0.000144335 -0.00030836 -0.000510318 -0.00033643 -0.000418983 -2.77429e-05 -7.76994e-05 -0.000475365 -9.47677e-05 -0.000386775 -5.15046e-05 -0.000400123 -2.2226e-05 -0.00032429 -2.7763e-05 -2.84532e-06 -0.000308477 -0.000192683 -5.68576e-05 -4.96162e-05 -0.00011543 -0.000261694 -0.000227323 -9.76058e-05 -0.000146624 -0.000148873 -0.000114576 -0.000167787 -2.47685e-05 -0.000123369 -0.000173746 -6.76719e-05 -0.000216033 
0.00196771 0.00026839 0.00335406 0.00167614 0.999956 -0.00573984 -0.00435482 -0.00247185 -0.00155382 -5.86417e-05 -0.00123421 -0.00118337 -0.00114847 -0.000961696 -0.000824737 -0.000880578 -0.000616248 -0.000688311 -0.00070123 -0.0004396 -0.000306422 -9.17273e-05 -0.000456679 -0.000463672 -3.58371e-05 -0.000307654 -0.000110107 -0.000269871 -9.42244e-05 -0.000277991 -0.00012082 -0.000119278 -8.1021e-05 -2.41338e-05 -0.000210487 -7.05258e-05 -0.00020182 -0.000153453 -0.000284606 -7.79431e-05 -0.00015102 -0.000194374 -2.88966e-05 -0.000119852 -0.000146949 -0.000229487 -0.000106261 -7.76084e-05 -0.000191483 -9.58258e-05 
0.00182738 0.000482683 0.00302907 0.00118125 0.00571048 0.999969 -2.74491e-05 -0.00173223 -0.00200287 -0.00208056 -0.000469108 -0.00113177 -0.000691408 -0.000603169 -0.000342363 -0.00071358 -0.000168489 -0.000519313 -3.41267e-05 -0.000295593 -0.000463249 -0.000420275 -0.000376951 -0.000192946 -9.61917e-05 -0.000306087 -0.000298898 -0.000331721 -0.000142747 -0.000310349 -8.1348e-05 -0.000354889 -0.000253968 -0.000233371 -8.99217e-05 -0.000177362 -2.85829e-05 -8.15853e-05 -0.000267786 -0.0002018 -2.7593e-05 -3.22824e-05 -9.73555e-05 -0.000152595 -0.000152777 -0.000167871 -7.05172e-05 -0.00018567 -6.78344e-05 -7.5429e-05 
0.000330792 0.00131552 0.00120034 0.00263132 0.00432426 -2.39865e-05 0.999966 -0.00188082 -0.00491448 9.22548e-07 -0.00206229 -0.000657928 -0.000306329 -0.000615808 -0.00119692 -0.0010158 -0.00076312 -0.000633388 -0.000101095 -0.000524721 -0.00027115 -0.000513884 -0.000589134 -0.000536381 -0.00047612 -0.000106817 -0.000396309 -0.000258832 -0.000134049 -0.000393249 -0.000378496 -0.000348296 -0.000190876 -0.000213221 -5.79245e-05 -9.31344e-05 -0.000287295 -0.000158071 -0.000145796 -0.000256904 -0.000145964 -8.33375e-05 -4.90594e-05 -0.000184769 -0.0001916 -3.61275e-05 -0.000150497 -0.000119958 -0.000199456 -0.000168358 
0.000485475 0.00148106 0.000436301 0.0018238 0.00247342 0.00170276 0.00184508 0.999984 -0.00178778 -0.00109761 -0.00166161 -0.000301304 -0.00026826 -0.000596032 -0.000464863 -0.00116469 -0.00100994 -0.000621909 -0.000760755 -0.000681854 -0.000381086 -0.000239057 -0.000264308 -0.000411214 -0.000357509 -0.00014355 -8.06492e-05 -3.56501e-05 -5.10023e-05 -0.000295164 -0.000158117 -0.00012049 -0.000132371 -3.53283e-05 -0.000158129 -0.000333428 -0.000201109 -8.82822e-05 -0.000213537 -0.000238549 -0.00014812 -4.64159e-05 -0.000252077 -0.000174558 -0.00014073 -5.49612e-05 -0.000143233 -0.000106988 -0.000203018 -9.43034e-05 
0.000964802 0.000506363 0.00158582 0.00131347 0.00156902 0.00197499 0.00489351 0.00175552 0.999968 -0.00241281 -0.00163715 -0.00243568 -0.00158642 -0.0019681 -0.000569011 -0.00128732 -0.000171661 -0.000457382 -3.4101e-06 -0.000713454 -0.000643809 -0.000226567 -8.38402e-05 -0.000577461 -0.000451038 -2.81327e-05 -0.000251055 -0.000518024 -0.000352882 -0.000102615 -0.000215781 -0.000378094 -3.88907e-05 -3.94971e-05 -0.000147154 -0.000111872 -0.00023489 -0.000278325 -4.49773e-05 -1.71027e-05 -1.68105e-05 -0.000138719 -0.000229609 -0.000199222 -0.000123827 -3.15751e-05 -0.000155335 -0.000149114 -0.00013318 -0.000145783 
0.000308727 8.21596e-05 0.00131559 0.00160779 5.43475e-05 0.00207141 -7.73528e-06 0.00108203 0.00238178 0.999977 -0.0035897 -0.00151686 -0.00294872 -0.00118193 -0.000330476 -0.00101194 -0.00074368 -0.000769427 -0.000657086 -0.00023121 -0.000751459 -5.43321e-05 -7.27337e-05 -0.000657194 -0.000111053 -0.000297504 -0.000130846 -0.000456642 -0.000151191 -0.000177773 -0.000416477 -0.000156801 -0.000352637 -0.000272833 -1.34637e-05 -9.77701e-05 -0.000286988 -0.000222196 -0.000288077 -0.000101205 -6.96343e-05 -6.10201e-05 -0.000185538 -3.25159e-05 -0.000192904 -0.000215853 -0.000194023 -5.25234e-05 -0.000102062 -7.87362e-05 
