15625 1
0.604693 
0.568061 
0.00673795 
0.603045 
0.597661 
0.588578 
0.485951 
0.370387 
0.00673795 
0.191152 
0.575839 
0.0743987 
0.604336 
0.123164 
0.538377 
0.449282 
0.336559 
0.208034 
0.593677 
0.383823 
0.0505317 
0.523323 
0.246754 
0.538172 
0.00673795 
0.153159 
0.574199 
0.366634 
0.44307 
0.147461 
0.571704 
0.582746 
0.00673795 
0.518517 
0.501519 
0.558597 
0.113421 
0.0821302 
0.219181 
0.395702 
0.241242 
0.354639 
0.600861 
0.557665 
0.0859891 
0.116971 
0.182559 
0.141695 
0.21176 
0.177711 
0.274729 
0.326245 
0.49865 
0.471304 
0.423453 
0.473987 
0.496861 
0.27304 
0.437593 
0.413942 
0.310789 
0.387066 
0.549401 
0.00673795 
0.00673795 
0.538337 
0.442644 
0.482368 
0.446718 
0.289087 
0.404937 
0.355722 
0.264562 
0.139277 
0.526277 
0.00673795 
0.00673795 
0.328248 
0.193853 
0.00673795 
0.51281 
0.0538446 
0.081989 
0.297438 
0.465307 
0.353666 
0.341704 
0.497555 
0.0745479 
0.0979681 
0.474455 
0.186401 
0.498378 
0.179577 
0.124392 
0.381567 
0.243322 
0.446781 
0.00673795 
0.0870241 
0.413954 
0.00673795 
0.0797737 
0.411044 
0.380621 
0.138457 
0.155762 
0.315254 
0.315026 
0.227465 
0.240199 
0.368528 
0.233853 
0.296022 
0.257615 
0.426755 
0.329668 
0.408563 
0.559218 
0.00673795 
0.51948 
0.266301 
0.0668852 
0.178186 
0.466428 
1 
0.977213 
1.00166 
0.00674951 
0.995753 
1.00256 
1.01361 
0.979901 
0.993928 
0.00674951 
0.928336 
1.01271 
0.454226 
0.995142 
1.05113 
0.980596 
0.982 
0.95841 
0.949206 
1.00318 
0.953594 
0.487312 
0.993739 
0.959891 
0.998234 
0.00674951 
0.895694 
0.982971 
0.968839 
0.983972 
0.905772 
0.979856 
1.01652 
0.00674951 
0.987535 
0.99478 
0.989621 
1.04577 
0.663317 
0.949595 
0.967004 
0.958885 
0.990261 
0.996865 
0.985618 
0.753133 
1.0481 
0.90483 
0.935466 
0.965339 
0.88247 
0.919042 
0.934725 
0.986809 
0.978102 
0.980246 
0.982812 
0.985187 
0.933632 
0.982083 
0.977626 
0.964884 
0.960945 
1.00533 
0.00674951 
0.00674951 
1.01262 
1.00093 
0.994821 
0.996689 
0.939591 
0.979212 
0.962172 
1.04937 
1.22391 
1.01148 
0.00674951 
0.00674951 
0.990995 
0.920405 
0.00674951 
0.994874 
0.551626 
0.493815 
0.955391 
1.00637 
0.994034 
0.982318 
0.980632 
0.672314 
0.637685 
0.986962 
0.730617 
1.01289 
1.10414 
1.04321 
1.00391 
0.986405 
0.997134 
0.00674951 
0.700116 
0.969485 
0.00674951 
0.725628 
0.976943 
0.982875 
0.959013 
0.93885 
0.945742 
0.96738 
0.887276 
0.853289 
0.971207 
0.933743 
0.952609 
0.987194 
1.00335 
0.947677 
0.958305 
1.01519 
0.00674951 
0.999129 
0.971536 
0.595011 
0.869415 
0.98844 
1 
1 
1 
0.00674253 
0.999999 
1 
1 
0.999993 
0.999998 
0.00674253 
0.999974 
1 
0.999898 
0.999999 
1.00002 
0.999996 
0.999997 
0.999993 
0.999991 
1.00163 
0.999983 
0.999814 
0.999998 
0.999985 
0.999999 
0.00674253 
0.999965 
0.999997 
0.999989 
0.999995 
0.999968 
0.999084 
1 
0.00674253 
0.999996 
0.999998 
0.999996 
1.00002 
0.999881 
0.999982 
0.999994 
0.999986 
0.999996 
0.999999 
0.999995 
0.999199 
1.00002 
0.999968 
0.999989 
0.999988 
0.99996 
0.99997 
0.999976 
0.999995 
0.999992 
0.999993 
0.999994 
0.999997 
0.999989 
0.999994 
0.999992 
0.999987 
0.999986 
1 
0.00674253 
0.00674253 
1 
1 
0.999999 
0.999999 
0.999978 
0.999996 
0.999992 
1.00001 
1.00004 
1 
0.00674253 
0.00674253 
0.999998 
0.999971 
0.00674253 
0.999999 
0.999836 
0.999908 
0.999991 
1 
0.999998 
0.999993 
0.999993 
0.999888 
0.999871 
0.999995 
0.999946 
1 
1.00004 
1.00002 
1 
0.999995 
0.999999 
0.00674253 
0.999895 
0.999989 
0.00674253 
0.999906 
0.999992 
0.999994 
0.999985 
0.999978 
0.99998 
0.999988 
0.999978 
0.999947 
0.99999 
0.999974 
0.999983 
0.999995 
1 
0.999981 
0.999985 
1 
0.00674253 
1 
0.999989 
0.999846 
0.999952 
0.999996 
1 
1 
1 
1 
1 
1 
1 
1 
1 
1 
1 
1 
1 
1 
1 
1 
1 
1 
1 
1.00497 
1 
1 
1 
1 
1 
1 
1 
1 
0.999168 
1 
1 
0.999091 
1 
1 
1 
1 
1 
1 
1 
1 
1 
0.998631 
1 
1 
1 
0.999283 
1 
1 
1 
1 
1 
1 
1 
1 
1 
1 
1 
1 
1 
1 
1 
1 
1 
1 
1 
1 
1 
1 
1 
1 
1 
1 
1 
1 
1 
1 
1 
1 
1 
1 
1 
1 
1 
1 
1 
1 
1 
1 
1 
1 
1 
1 
1 
1 
1 
1 
1 
1 
1 
1 
1 
1 
1 
1 
1 
1 
1 
1 
1 
1 
1 
1 
1 
1 
1 
1 
1 
1 
1 
1 
1 
1 
1 
1 
1 
1 
1 
1 
1 
1 
1 
1 
1 
1 
1 
1 
0.99886 
1 
1 
1 
1 
1 
1 
1 
1 
18.0033 
1 
1 
1 
1 
1 
1 
1 
1 
0.999168 
1 
1 
1 
1 
1 
1 
1 
1 
1 
1 
1 
1 
0.998631 
1 
1 
1 
1 
1 
1 
1 
1 
1 
1 
1 
1 
1 
1 
1 
1 
1 
1 
1 
1 
1 
1 
1 
1 
1 
1 
1 
1 
1 
1 
1 
1 
1 
1 
1 
1 
1 
1 
1 
1 
1 
1 
1 
1 
1 
1 
1 
1 
1 
1 
1 
1 
1 
1 
1 
1 
1 
1 
1 
1 
1 
1 
1 
1 
1 
1 
1 
1 
1 
1 
1 
1 
1 
1 
1 
1 
1 
1 
1 
1 
1 
1 
1 
1 
1 
1 
1 
1 
1 
1 
1 
1 
1 
1 
0.99886 
1 
1 
1 
1 
1 
1 
1 
1 
18.0033 
1 
1 
1 
1 
1 
1 
1 
1 
0.999161 
1 
1 
1 
1 
1 
1 
1 
1 
1 
1 
1 
1 
1 
1 
1 
1 
1 
0.99862 
1 
1 
1 
1 
1 
1 
1 
1 
1 
1 
1 
0.998904 
1 
1 
1 
1 
1 
1 
1 
1 
1 
1 
1 
1 
1 
1 
1 
1 
1 
1 
1 
1 
1 
1 
1 
1 
1 
1 
1 
1 
1 
1 
1 
1 
1 
1 
1 
1 
1 
1 
1 
1 
1 
1 
1 
1 
1 
1 
1 
1 
1 
1 
1 
1 
1 
1 
1 
1 
1 
1 
1 
1 
1 
1 
1 
1 
1 
1 
1 
1 
1 
1 
1 
1 
1 
1 
1 
1 
1 
1 
1 
1 
1 
1 
1 
1 
1 
1 
1.00679 
1 
1 
1 
1 
1 
1 
1 
1 
0.999161 
1 
1 
1 
1 
0.998798 
1 
1 
1 
1 
1 
1 
1 
1 
1 
1 
1 
1 
0.99862 
1 
1 
1 
1 
1 
1 
1 
1 
1 
1 
0.998813 
0.997816 
1 
1 
1 
1 
1 
1 
1 
1 
1 
1 
1 
1 
1 
1 
1 
1 
1 
1 
1 
1 
1 
1 
1 
1 
1 
1 
1 
1 
1 
1 
1 
1 
1 
1 
1 
1 
1 
1 
1 
1 
1 
1 
1 
1 
1 
1 
1 
1 
1 
1 
1 
1 
1 
1 
1 
1 
1 
1 
1 
1 
1 
1 
1 
1 
1 
1 
1 
1 
1 
1 
1 
1 
1 
1 
1 
1 
1 
1 
1 
1 
1 
1 
1 
1 
1 
1 
1.00704 
1 
1 
1 
1 
1 
1 
1 
1 
1 
1 
1 
1 
0.998648 
0.998798 
1 
1 
1 
1 
1 
1 
1 
1 
1 
1 
1 
0.999382 
1 
1 
1 
0.998408 
1 
1 
1 
1 
1 
1 
1 
0.998813 
0.998912 
1 
1 
1 
1 
1 
1 
1 
1 
1 
1 
1 
1 
1 
1 
1 
1 
1 
1 
1 
1 
1 
1 
1 
1 
1 
1 
1 
1 
1 
1 
1 
1 
1 
1 
1 
1 
1 
1 
1 
1 
1 
1 
1 
1 
1 
1 
1 
1 
1 
1 
1 
1 
1 
1 
1 
1 
1 
1 
1 
1 
1 
1 
1 
1 
1 
1 
1 
1 
1 
1 
1 
1 
1 
1 
1 
1 
1 
1 
1 
1 
1 
1 
1 
1 
1 
1 
1.00975 
1 
1 
1 
1 
1 
1 
1 
1 
1 
1 
1 
1 
0.998648 
1 
1 
1 
0.998883 
1 
1 
1 
1 
1 
1 
1 
1 
0.999382 
1 
0.998562 
1 
0.998408 
1 
1 
1 
1 
1 
1 
1 
1 
1 
1 
1 
1 
1 
1 
1 
1 
1 
1 
1 
1 
1 
0.998415 
1 
1 
1 
1 
1 
1 
1 
1 
1 
1 
1 
1 
1 
1 
1 
1 
1 
1 
1 
1 
1 
1 
1 
1 
1 
1 
1 
1 
1 
1 
1 
1 
1 
1 
1 
1 
1 
1 
1 
1 
1 
1 
1 
1 
1 
1 
1 
1 
1 
1 
1 
1 
1 
1 
1 
1 
1 
1 
1 
1 
1 
0.999325 
1 
1 
1 
0.998628 
1 
1 
1 
1 
1 
1 
1 
1.01271 
1 
1 
1 
1 
1 
1 
1 
1 
1 
1 
1 
0.998219 
1 
1 
1 
1 
0.998883 
1 
1 
1 
1 
1 
1 
1 
1 
1 
1 
0.998562 
1 
1 
1 
1 
1 
1 
1 
1 
1 
1 
1 
1 
1 
1 
1 
0.99857 
1 
1 
1 
1 
1 
1 
0.999527 
0.998415 
1 
1 
1 
1 
1 
1 
1 
1 
1 
1 
1 
1 
1 
1 
1 
1 
1 
1 
1 
1 
1 
1 
1 
1 
1 
1 
1 
1 
1 
1 
1 
1 
1 
1 
1 
1 
1 
1 
1 
1 
1 
1 
1 
1 
1 
1 
1 
1 
1 
1 
1 
1 
1 
1 
1 
1 
0.99872 
0.998436 
1 
1 
1 
0.999325 
1 
1 
1 
0.998628 
1 
1 
1 
1 
1 
1 
1 
18.0065 
1 
1 
1 
1 
1 
1 
1 
1 
1 
1 
1 
0.998219 
1 
1 
1 
1 
1 
1 
1 
1 
1 
1 
1 
1 
1 
1 
1 
1 
1 
1 
1 
1 
1 
1 
1 
1 
1 
1 
1 
1 
1 
1 
1 
0.99857 
1 
1 
1 
1 
1 
1 
0.999527 
1 
1 
1 
1 
1 
1 
1 
1 
1 
1 
1 
1 
1 
1 
1 
1 
1 
1 
1 
1 
1 
1 
1 
1 
1 
1 
1 
1 
1 
1 
1 
1 
1 
1 
1 
1 
1 
1 
1 
1 
1 
1 
1 
1 
1 
1 
1 
1 
1 
1 
1 
1 
1 
1 
1 
1 
1 
0.99872 
0.998436 
1 
1 
1 
1 
1 
1 
1 
1 
1 
1 
1 
1 
1 
1 
1 
18.0062 
1 
1 
1 
0.998803 
1 
1 
1 
1 
1 
1 
1 
1 
1 
1 
1 
0.999043 
1 
1 
1 
1 
1 
1 
1 
1 
1 
1 
1 
1 
0.998822 
1 
1 
1 
1 
1 
1 
1 
1 
1 
1 
1 
1 
1 
1 
1 
1 
1 
1 
1 
1 
1 
1 
1 
1 
1 
1 
1 
1 
1 
1 
1 
1 
1 
1 
1 
1 
1 
1 
1 
1 
1 
1 
1 
1 
1 
1 
1 
1 
1 
1 
1 
1 
1 
1 
1 
1 
1 
1 
1 
1 
1 
1 
1 
1 
1 
1 
1 
1 
1 
1 
1 
1 
1 
1 
1 
1 
1 
1 
1 
1 
1 
1 
0.99862 
1 
0.998525 
1 
1 
0.999168 
1 
1 
1 
1 
1 
1 
1 
1 
1.00978 
1 
1 
1 
0.998803 
1 
1 
1 
1 
1 
1 
1 
1 
0.998825 
1 
1 
0.999043 
1 
1 
1 
1 
0.998608 
1 
1 
1 
0.999806 
1 
1 
1 
0.998822 
1 
1 
1 
1 
1 
1 
1 
1 
1 
1 
1 
1 
1 
1 
1 
1 
1 
1 
1 
1 
1 
1 
1 
1 
1 
1 
1 
1 
1 
1 
1 
1 
1 
1 
1 
1 
1 
1 
1 
1 
1 
1 
1 
1 
1 
1 
1 
1 
1 
1 
1 
1 
1 
1 
1 
1 
1 
1 
1 
1 
1 
1 
1 
1 
1 
1 
1 
1 
1 
1 
1 
1 
1 
1 
1 
1 
1 
1 
1 
1 
1 
1 
0.99862 
1 
0.998525 
1 
1 
0.999168 
1 
1 
1 
1 
1 
1 
1 
1 
1.00676 
1 
1 
1 
1 
1 
1 
1 
1 
1 
1 
1 
1 
0.998825 
1 
1 
1 
1 
1 
1 
1 
0.998608 
1 
1 
1 
0.998398 
1 
1 
1 
1 
1 
1 
1 
1 
1 
1 
0.999527 
1 
1 
1 
1 
1 
1 
1 
1 
1 
1 
1 
1 
1 
1 
1 
1 
1 
1 
1 
1 
1 
1 
1 
1 
1 
1 
1 
1 
1 
1 
1 
1 
1 
1 
1 
1 
1 
1 
1 
1 
1 
1 
1 
1 
1 
1 
1 
1 
1 
1 
1 
1 
1 
1 
1 
1 
1 
1 
1 
1 
1 
1 
1 
1 
1 
1 
1 
1 
1 
1 
1 
1 
1 
1 
1 
1 
1 
0.999091 
1 
1 
0.999161 
1 
1 
1 
1 
1 
1 
1 
1 
1.00629 
1 
1 
1 
1 
1 
1 
1 
1 
1 
1 
1 
1 
1 
0.999427 
1 
1 
1 
0.99919 
1 
1 
1 
1 
1 
1 
0.998592 
1 
1 
1 
1 
1 
1 
1 
1 
1 
1 
0.999527 
1 
1 
1 
1 
1 
1 
1 
1 
1 
1 
1 
1 
1 
1 
1 
1 
1 
1 
1 
1 
1 
1 
1 
1 
1 
1 
1 
1 
1 
1 
1 
1 
1 
1 
1 
1 
1 
1 
1 
1 
1 
1 
1 
1 
1 
1 
1 
1 
1 
1 
1 
1 
1 
1 
1 
1 
1 
1 
1 
1 
1 
1 
1 
1 
1 
1 
1 
1 
1 
1 
1 
1 
1 
1 
1 
1 
1 
0.999091 
1 
1 
0.999161 
1 
1 
1 
1 
0.998803 
1 
1 
1 
1.00952 
1 
1 
1 
1 
1 
1 
1 
1 
1 
1 
1 
0.999043 
1 
0.999427 
1 
1 
1 
0.99919 
1 
1 
1 
1 
1 
1 
1 
1 
1 
1 
1 
1 
0.998822 
1 
1 
1 
1 
1 
1 
1 
1 
1 
1 
1 
1 
1 
1 
1 
1 
1 
1 
1 
1 
1 
1 
1 
1 
1 
1 
1 
1 
1 
1 
1 
1 
1 
1 
1 
1 
1 
1 
1 
1 
1 
1 
1 
1 
1 
1 
1 
1 
1 
1 
1 
1 
1 
1 
1 
1 
1 
1 
1 
1 
1 
1 
1 
1 
1 
1 
1 
1 
1 
1 
1 
1 
1 
1 
1 
1 
1 
0.997892 
0.999049 
1 
1 
1 
1 
1 
1 
1 
1 
1 
1 
1 
0.998803 
1 
1 
1 
1.00955 
1 
1 
1 
1 
1 
1 
1 
1 
1 
1 
1 
0.998011 
1 
1 
1 
0.999593 
1 
1 
0.999037 
1 
1 
1 
1 
1 
1 
1 
1 
1 
1 
1 
0.998822 
1 
1 
1 
1 
1 
1 
1 
1 
1 
1 
0.999244 
1 
1 
1 
1 
1 
1 
1 
1 
1 
1 
1 
1 
1 
1 
1 
1 
1 
1 
1 
1 
1 
1 
1 
1 
1 
1 
1 
1 
1 
1 
1 
1 
1 
1 
1 
1 
1 
1 
1 
1 
1 
1 
1 
1 
1 
1 
1 
1 
1 
1 
1 
1 
1 
1 
1 
1 
1 
1 
1 
1 
1 
1 
1 
1 
1 
1 
0.997892 
0.999049 
1 
1 
1 
1 
1 
1 
1 
1 
1 
1 
1 
1 
1 
1 
1 
1.00605 
1 
1 
1 
1 
1 
1 
1 
1 
1 
1 
1 
0.998968 
1 
1 
1 
0.999593 
1 
1 
0.999037 
1 
1 
1 
1 
0.999451 
1 
1 
1 
1 
1 
1 
1 
1 
1 
1 
1 
1 
1 
1 
0.999147 
0.999147 
0.999361 
0.999244 
1 
1 
1 
1 
1 
1 
1 
1 
1 
1 
1 
1 
1 
1 
1 
1 
1 
1 
1 
1 
1 
1 
1 
1 
1 
1 
1 
1 
1 
1 
1 
1 
1 
1 
1 
1 
1 
1 
1 
1 
1 
1 
1 
1 
1 
1 
1 
1 
1 
1 
1 
1 
1 
1 
1 
1 
1 
1 
1 
1 
1 
1 
1 
1 
1 
1 
1 
1 
1 
1 
1 
1 
1 
1 
1 
1 
1 
1 
1 
1 
1 
1 
1 
1.00585 
1 
1 
1 
1 
1 
1 
1 
1 
1 
1 
0.998652 
1 
1 
1 
1 
1 
1 
1 
1 
1 
1 
1 
0.999796 
0.999451 
1 
1 
1 
1 
1 
1 
1 
1 
1 
1 
1 
1 
1 
1 
0.999147 
0.999147 
0.998927 
1 
1 
0.999025 
1 
1 
1 
1 
1 
1 
1 
1 
1 
1 
1 
1 
1 
1 
1 
1 
1 
1 
1 
1 
1 
1 
1 
1 
1 
1 
1 
1 
1 
1 
1 
1 
1 
1 
1 
1 
1 
1 
1 
1 
1 
1 
1 
1 
1 
1 
1 
1 
1 
1 
1 
1 
1 
1 
1 
1 
1 
1 
1 
1 
1 
1 
1 
1 
1 
1 
1 
1 
1 
1 
1 
1 
1 
1 
1 
1 
1 
1 
1 
1 
1 
1.00583 
1 
1 
1 
1 
1 
1 
1 
1 
1 
1 
0.998652 
1 
1 
1 
1 
1 
1 
1 
1 
1 
1 
1 
0.998829 
1 
1 
1 
1 
1 
1 
0.999543 
1 
0.998992 
1 
1 
1 
1 
1 
1 
1 
0.999557 
0.999567 
1 
1 
0.999025 
1 
1 
1 
1 
1 
1 
1 
1 
1 
1 
1 
1 
1 
1 
1 
1 
1 
1 
1 
1 
1 
1 
1 
1 
1 
1 
1 
1 
1 
1 
1 
1 
1 
1 
1 
1 
1 
1 
1 
1 
1 
1 
1 
1 
1 
1 
1 
1 
1 
1 
1 
1 
1 
1 
1 
1 
1 
1 
1 
1 
1 
1 
1 
1 
1 
1 
1 
0.998798 
0.998648 
1 
1 
1 
1 
1 
1 
1 
1 
1 
1 
1 
1 
1.00661 
1 
1 
1 
1 
1 
1 
1 
1 
1 
1 
1 
1 
1 
1 
1 
1 
0.99959 
1 
1 
1 
1 
1 
0.999034 
1 
0.999224 
1 
1 
1 
1 
0.999543 
1 
0.998992 
1 
1 
1 
1 
1 
1 
1 
0.999557 
1 
1 
1 
1 
1 
1 
1 
1 
1 
1 
1 
1 
1 
1 
1 
1 
1 
1 
1 
1 
1 
1 
1 
1 
1 
1 
1 
1 
1 
1 
1 
1 
1 
1 
1 
1 
1 
1 
1 
1 
1 
1 
1 
1 
1 
1 
1 
1 
1 
1 
1 
1 
1 
1 
1 
1 
1 
1 
1 
1 
1 
1 
1 
1 
1 
1 
1 
1 
1 
1 
1 
0.998798 
0.998648 
0.998219 
1 
1 
1 
1 
1 
1 
1 
1 
1 
1 
1 
1.00993 
1 
1 
1 
1 
1 
1 
1 
1 
1 
1 
1 
1 
1 
1 
1 
1 
0.99959 
1 
1 
1 
1 
0.999028 
1 
1 
0.999224 
1 
1 
1 
1 
1 
1 
0.999041 
1 
1 
1 
1 
1 
1 
0.998614 
0.998902 
1 
1 
1 
1 
1 
1 
1 
1 
1 
1 
1 
1 
1 
1 
1 
1 
1 
1 
1 
1 
1 
1 
1 
1 
1 
1 
1 
1 
1 
1 
1 
1 
1 
1 
1 
1 
1 
1 
1 
1 
1 
1 
1 
1 
1 
1 
1 
1 
1 
1 
1 
1 
1 
1 
1 
1 
1 
1 
1 
1 
1 
1 
1 
1 
1 
1 
1 
1 
1 
1 
1 
1 
1 
0.998219 
1 
1 
1 
1 
1 
1 
1 
1 
1 
1 
1 
1.01235 
1 
1 
1 
1 
1 
1 
1 
1 
1 
1 
1 
1 
1 
1 
1 
1 
0.998957 
1 
1 
1 
1 
0.999028 
1 
0.998926 
0.999043 
1 
1 
1 
1 
1 
1 
0.999041 
1 
1 
1 
1 
1 
1 
0.998614 
0.998902 
1 
1 
1 
1 
1 
1 
1 
1 
1 
1 
1 
1 
1 
1 
1 
1 
1 
1 
1 
1 
1 
1 
1 
1 
1 
1 
1 
1 
1 
1 
1 
1 
1 
1 
1 
1 
1 
1 
1 
1 
1 
1 
1 
1 
1 
1 
1 
1 
1 
1 
1 
1 
1 
1 
1 
1 
1 
1 
1 
1 
1 
1 
1 
1 
1 
1 
1 
1 
1 
1 
1 
1 
1 
1 
1 
1 
1 
1 
1 
1 
1 
1 
1 
1 
1 
1.01233 
1 
1 
1 
1 
1 
1 
1 
1 
1 
1 
1 
1 
0.999057 
0.998668 
1 
1 
0.998957 
1 
1 
1 
1 
0.998434 
1 
0.998926 
0.999043 
1 
1 
1 
1 
1 
0.998476 
0.999186 
1 
1 
1 
1 
1 
1 
1 
1 
1 
1 
1 
1 
1 
1 
1 
1 
1 
1 
1 
1 
1 
1 
1 
1 
1 
1 
1 
1 
1 
1 
1 
1 
1 
1 
1 
1 
1 
1 
1 
1 
1 
1 
1 
1 
1 
1 
1 
1 
1 
1 
1 
1 
1 
1 
1 
1 
1 
1 
1 
1 
1 
1 
1 
1 
1 
1 
1 
1 
1 
1 
1 
1 
1 
1 
1 
1 
1 
1 
1 
1 
1 
1 
1 
1 
1 
1 
1 
1 
1 
1 
1 
1 
1 
1.01256 
1 
1 
1 
1 
1 
1 
1 
1 
1 
1 
1 
1 
0.999057 
0.998668 
1 
0.998366 
1 
1 
1 
1 
1 
0.998434 
1 
0.999043 
1 
0.999043 
1 
0.998347 
0.99882 
1 
0.998476 
0.999186 
1 
1 
1 
1 
1 
1 
1 
1 
1 
1 
1 
1 
1 
1 
1 
1 
1 
1 
1 
1 
1 
1 
1 
1 
1 
1 
1 
1 
1 
1 
1 
1 
1 
1 
1 
1 
1 
1 
1 
1 
1 
1 
1 
1 
1 
1 
1 
1 
1 
1 
1 
1 
1 
1 
1 
1 
1 
1 
1 
1 
1 
1 
1 
1 
1 
1 
1 
1 
1 
1 
1 
0.998631 
1 
1 
1 
1 
0.998883 
1 
1 
1 
0.998825 
1 
1 
1 
1 
1 
1 
1 
1 
1 
1 
1 
1 
1.01244 
1 
1 
1 
1 
1 
1 
1 
1 
1 
1 
0.999167 
0.999515 
1 
1 
1 
0.998366 
1 
1 
1 
1 
1 
1 
1 
0.999043 
1 
0.999043 
1 
0.998347 
0.99882 
1 
1 
1 
1 
1 
1 
1 
1 
1 
1 
1 
1 
1 
1 
1 
1 
1 
1 
1 
1 
1 
1 
1 
1 
1 
1 
1 
1 
1 
1 
1 
1 
1 
1 
1 
1 
1 
1 
1 
1 
1 
1 
1 
1 
1 
1 
1 
1 
1 
1 
1 
1 
1 
1 
1 
1 
1 
1 
1 
1 
1 
1 
1 
1 
1 
0.999649 
1 
0.999274 
1 
1 
1 
1 
1 
1 
0.998631 
1 
1 
1 
1 
0.998883 
1 
1 
1 
0.998825 
1 
1 
1 
1 
1 
1 
1 
1 
1 
1 
1 
1 
18.0061 
1 
1 
1 
1 
1 
1 
1 
1 
1 
1 
0.999167 
0.999515 
1 
1 
1 
1 
1 
1 
1 
1 
1 
1 
1 
1 
1 
1 
1 
1 
1 
1 
1 
1 
1 
1 
1 
1 
1 
1 
1 
1 
1 
1 
1 
1 
1 
1 
1 
1 
1 
1 
1 
1 
1 
1 
1 
1 
1 
1 
1 
1 
1 
1 
1 
1 
1 
1 
1 
1 
1 
1 
1 
1 
1 
1 
1 
1 
1 
1 
1 
1 
1 
1 
1 
1 
1 
1 
1 
1 
1 
1 
1 
1 
1 
1 
0.999649 
1 
0.999274 
1 
1 
1 
1 
1 
1 
1 
1 
1 
1 
1 
1 
0.999043 
1 
1 
1 
0.999043 
1 
1 
1 
1 
1 
1 
1 
1 
1 
1 
1 
18.0057 
1 
1 
1 
1 
1 
1 
1 
1 
1 
1 
1 
1 
0.999043 
1 
1 
1 
1 
1 
0.999043 
0.999043 
0.999043 
1 
1 
1 
1 
1 
1 
1 
1 
1 
1 
1 
1 
1 
1 
1 
1 
1 
1 
1 
1 
1 
1 
1 
1 
1 
1 
1 
1 
1 
1 
1 
1 
1 
1 
1 
1 
1 
1 
1 
1 
1 
1 
1 
1 
1 
1 
1 
1 
1 
1 
1 
1 
1 
1 
1 
1 
1 
1 
1 
1 
1 
1 
1 
1 
1 
1 
1 
1 
1 
1 
1 
1 
1 
1 
1 
1 
1 
1 
0.999283 
1 
1 
1 
1 
1 
1 
1 
1 
1 
0.999043 
1 
0.999427 
1 
0.998011 
1 
1 
1 
1 
1 
1 
1 
1 
1 
1 
1 
1.00891 
1 
1 
1 
0.999155 
1 
1 
1 
1 
1 
1 
1 
1 
0.999043 
1 
1 
1 
1 
1 
0.999043 
0.999043 
0.999043 
1 
1 
1 
1 
1 
1 
1 
1 
1 
1 
1 
1 
1 
1 
1 
1 
1 
1 
1 
1 
1 
1 
1 
1 
1 
1 
1 
1 
1 
1 
1 
1 
1 
1 
1 
1 
1 
1 
1 
1 
1 
1 
1 
1 
1 
1 
1 
1 
1 
1 
1 
1 
1 
1 
1 
1 
1 
1 
1 
1 
1 
1 
1 
1 
1 
1 
1 
1 
1 
1 
1 
1 
1 
1 
1 
1 
1 
1 
0.999283 
1 
1 
1 
1 
1 
1 
1 
1 
1 
1 
1 
0.999427 
1 
0.998968 
0.998652 
1 
1 
1 
1 
1 
1 
1 
1 
1 
1 
1.00939 
1 
1 
1 
0.999155 
1 
1 
1 
1 
1 
1 
1 
0.998614 
1 
1 
1 
1 
1 
1 
1 
1 
1 
1 
1 
1 
1 
1 
0.999175 
1 
1 
1 
1 
1 
0.998674 
0.99866 
1 
1 
1 
1 
1 
1 
1 
1 
1 
1 
1 
1 
1 
1 
1 
1 
1 
1 
1 
1 
1 
1 
1 
1 
1 
1 
1 
1 
1 
1 
1 
1 
1 
1 
1 
1 
1 
1 
1 
1 
1 
1 
1 
1 
1 
1 
1 
1 
1 
1 
1 
1 
1 
1 
1 
1 
1 
1 
1 
1 
1 
1 
1 
1 
1 
1 
1 
1 
1 
1 
1 
1 
1 
1 
1 
1 
1 
1 
1 
1 
0.998652 
1 
1 
1 
1 
1 
1 
1 
1 
1 
1 
1.01201 
1 
1 
1 
1 
1 
1 
1 
1 
1 
1 
1 
0.998614 
1 
1 
1 
1 
1 
1 
1 
1 
1 
1 
1 
0.999053 
0.999051 
0.998763 
0.998398 
1 
1 
1 
0.999051 
1 
0.997752 
0.99866 
1 
1 
1 
1 
1 
1 
1 
1 
1 
1 
1 
1 
1 
1 
1 
1 
1 
1 
1 
1 
1 
1 
1 
1 
1 
1 
1 
1 
1 
1 
1 
1 
1 
1 
1 
1 
1 
1 
1 
1 
1 
1 
1 
1 
1 
1 
1 
1 
1 
1 
1 
1 
1 
1 
1 
1 
1 
1 
1 
1 
1 
1 
1 
1 
1 
1 
1 
1 
1 
1 
1 
1 
1 
1 
1 
1 
1 
1 
1 
1 
1 
1 
1 
1 
1 
1 
1 
1 
1 
1 
1 
1.01152 
1 
1 
1 
1 
1 
1 
0.999045 
0.999043 
1 
1 
1 
1 
1 
1 
1 
0.999043 
0.999043 
1 
0.999043 
0.99904 
1 
1 
1 
0.999053 
0.999051 
0.998763 
0.999223 
1 
1 
1 
0.999051 
1 
0.999078 
1 
1 
1 
1 
1 
1 
1 
1 
1 
1 
1 
1 
1 
1 
1 
1 
1 
1 
1 
1 
1 
1 
1 
1 
1 
1 
1 
1 
1 
1 
1 
1 
1 
1 
1 
1 
1 
1 
1 
1 
1 
1 
1 
1 
1 
1 
1 
1 
1 
1 
1 
1 
1 
1 
1 
1 
1 
1 
1 
1 
1 
1 
1 
1 
1 
0.99862 
1 
1 
1 
1 
1 
1 
1 
1 
0.99919 
1 
0.999593 
1 
1 
1 
1 
1 
1 
1 
1 
1 
1 
1 
0.999155 
1 
1 
1 
1.01175 
1 
1 
0.998799 
1 
1 
1 
0.999045 
0.999043 
1 
1 
1 
0.999426 
0.999212 
1 
1 
0.999043 
0.999043 
1 
0.999043 
0.99904 
1 
1 
1 
1 
1 
1 
1 
1 
1 
1 
1 
1 
1 
1 
1 
1 
1 
1 
1 
1 
1 
1 
1 
1 
1 
1 
1 
1 
1 
1 
1 
1 
1 
1 
1 
1 
1 
1 
1 
1 
1 
1 
1 
1 
1 
1 
1 
1 
1 
1 
1 
1 
1 
1 
1 
1 
1 
1 
1 
1 
1 
1 
1 
1 
1 
1 
1 
1 
1 
1 
1 
1 
1 
1 
1 
1 
1 
1 
0.99862 
0.999382 
1 
1 
1 
1 
0.998608 
1 
1 
0.99919 
1 
0.999593 
1 
1 
1 
1 
1 
1 
1 
1 
1 
1 
1 
0.999155 
1 
1 
1 
1.0096 
1 
1 
0.998799 
0.99841 
1 
1 
1 
1 
1 
1 
1 
0.999426 
0.999212 
1 
1 
1 
1 
1 
1 
1 
1 
1 
1 
1 
1 
1 
1 
1 
1 
1 
1 
1 
1 
1 
1 
1 
1 
1 
1 
1 
1 
1 
1 
1 
1 
1 
1 
1 
1 
1 
1 
1 
1 
1 
1 
1 
1 
1 
1 
1 
1 
1 
1 
1 
1 
1 
1 
1 
1 
1 
1 
1 
1 
1 
1 
1 
1 
1 
1 
1 
1 
1 
1 
1 
1 
1 
1 
1 
1 
1 
1 
1 
1 
1 
1 
1 
1 
1 
1 
0.999382 
1 
1 
1 
1 
0.998608 
1 
1 
1 
1 
1 
1 
1 
1 
1 
1 
1 
1 
1 
1 
1 
1 
1 
1 
1 
1 
18.0036 
1 
1 
1 
0.99841 
1 
1 
1 
1 
1 
1 
1 
1 
1 
1 
1 
1 
1 
1 
1 
1 
1 
1 
1 
1 
1 
1 
1 
1 
1 
1 
1 
1 
1 
1 
1 
1 
1 
1 
1 
1 
1 
1 
1 
1 
1 
1 
1 
1 
1 
1 
1 
1 
1 
1 
1 
1 
1 
1 
1 
1 
1 
1 
1 
1 
1 
1 
1 
1 
1 
1 
1 
1 
1 
1 
1 
1 
1 
1 
1 
1 
1 
1 
1 
1 
1 
1 
1 
1 
1 
1 
1 
1 
1 
1 
1 
1 
1 
1 
1 
1 
1 
1 
1 
1 
1 
1 
0.999037 
1 
1 
1 
1 
1 
1 
1 
1 
1 
1 
1 
1 
1 
1 
1 
0.998799 
1 
1 
18.0059 
1 
1 
1 
1 
1 
1 
1 
1 
1 
0.99953 
1 
1 
1 
1 
1 
1 
1 
1 
0.998856 
1 
1 
0.99861 
0.999226 
1 
1 
1 
1 
1 
1 
1 
1 
1 
1 
1 
1 
1 
1 
1 
1 
1 
1 
1 
1 
1 
1 
1 
1 
1 
1 
1 
1 
1 
1 
1 
1 
1 
1 
1 
1 
1 
1 
1 
1 
1 
1 
1 
1 
1 
1 
1 
1 
1 
1 
1 
1 
1 
1 
1 
1 
1 
1 
1 
1 
1 
1 
1 
1 
1 
1 
1 
1 
1 
1 
1 
1 
1 
1 
0.998562 
1 
1 
1 
1 
1 
1 
1 
1 
0.999037 
1 
1 
1 
1 
1 
0.999057 
1 
0.999167 
1 
1 
1 
1 
1 
1 
1 
0.998799 
1 
1 
1.01206 
0.999179 
1 
1 
1 
1 
1 
1 
1 
1 
0.99953 
1 
1 
1 
1 
1 
1 
1 
1 
0.997146 
1 
1 
0.99861 
0.999226 
0.999626 
1 
1 
1 
1 
1 
1 
1 
1 
1 
1 
1 
1 
1 
1 
1 
1 
1 
1 
1 
1 
1 
1 
1 
1 
1 
1 
1 
1 
1 
1 
1 
1 
1 
1 
1 
1 
1 
1 
1 
1 
1 
1 
1 
1 
1 
1 
1 
1 
1 
1 
1 
1 
1 
1 
1 
1 
1 
1 
1 
1 
1 
1 
1 
1 
1 
1 
1 
1 
1 
1 
1 
0.998408 
1 
0.998562 
1 
1 
0.999806 
1 
1 
1 
1 
1 
1 
1 
0.99959 
1 
1 
0.998668 
0.999057 
0.999515 
0.999167 
1 
1 
1 
1 
1 
1 
0.99841 
1 
1 
0.999179 
1.01264 
0.999179 
1 
1 
1 
1 
1 
1 
0.999908 
1 
1 
1 
1 
1 
1 
1 
1 
1 
1 
0.998289 
1 
1 
1 
1 
0.999626 
1 
1 
1 
1 
1 
1 
1 
1 
1 
1 
1 
1 
1 
1 
1 
1 
1 
1 
1 
1 
1 
1 
1 
1 
1 
1 
1 
1 
1 
1 
1 
1 
1 
1 
1 
1 
1 
1 
1 
1 
1 
1 
1 
1 
1 
1 
1 
1 
1 
1 
1 
1 
1 
1 
1 
1 
1 
1 
1 
1 
1 
1 
1 
1 
1 
1 
1 
1 
1 
1 
1 
0.998408 
1 
1 
1 
1 
0.998398 
1 
1 
1 
1 
1 
1 
1 
0.99959 
1 
1 
0.998668 
1 
0.999515 
1 
1 
1 
1 
0.999045 
1 
1 
0.99841 
1 
1 
0.999179 
1.01269 
0.99844 
1 
1 
1 
1 
1 
1 
0.999908 
1 
1 
0.998933 
1 
0.999017 
1 
1 
1 
1 
1 
1 
1 
1 
1 
1 
1 
1 
1 
1 
1 
1 
1 
1 
1 
1 
1 
1 
1 
1 
1 
1 
1 
1 
1 
1 
1 
1 
1 
1 
1 
1 
1 
1 
1 
1 
1 
1 
1 
1 
1 
1 
1 
1 
1 
1 
1 
1 
1 
1 
1 
1 
1 
1 
1 
1 
1 
1 
1 
1 
1 
1 
1 
1 
1 
1 
1 
1 
1 
1 
1 
1 
1 
1 
1 
1 
1 
1 
1 
1 
1 
1 
1 
0.998592 
1 
1 
1 
1 
1 
1 
1 
0.998957 
1 
1 
1 
1 
1 
1 
1 
1 
0.999043 
0.999045 
1 
1 
1 
1 
1 
0.99844 
1.01218 
0.99844 
1 
1 
1 
1 
1 
1 
0.999043 
1 
1 
0.998933 
1 
0.999017 
1 
1 
1 
1 
1 
1 
1 
1 
1 
1 
1 
1 
1 
1 
1 
1 
1 
1 
1 
1 
1 
1 
1 
1 
1 
1 
1 
1 
1 
1 
1 
1 
1 
1 
1 
1 
1 
1 
1 
1 
1 
1 
1 
1 
1 
1 
1 
1 
1 
1 
1 
1 
1 
1 
1 
1 
1 
1 
1 
1 
1 
1 
1 
1 
1 
1 
1 
1 
1 
1 
1 
1 
1 
1 
1 
1 
1 
1 
1 
1 
1 
1 
1 
0.998822 
1 
1 
1 
1 
1 
1 
1 
1 
1 
1 
1 
0.998957 
0.998366 
1 
1 
0.999043 
1 
1 
1 
1 
0.999043 
1 
1 
1 
1 
1 
1 
0.99844 
1.01219 
1 
1 
1 
1 
1 
1 
1 
0.998085 
1 
1 
1 
1 
0.999719 
1 
1 
1 
1 
1 
1 
1 
1 
1 
1 
1 
1 
1 
1 
1 
1 
1 
1 
1 
1 
1 
1 
1 
1 
1 
1 
1 
1 
1 
1 
1 
1 
1 
1 
1 
1 
1 
1 
1 
1 
1 
1 
1 
1 
1 
1 
1 
1 
1 
1 
1 
1 
1 
1 
1 
1 
1 
1 
1 
1 
1 
1 
1 
1 
1 
1 
1 
1 
1 
0.998813 
1 
1 
1 
1 
1 
1 
1 
1 
1 
1 
1 
1 
1 
0.998822 
1 
1 
1 
1 
0.999451 
0.999796 
1 
1 
1 
1 
1 
1 
0.998366 
1 
1 
0.999043 
0.998614 
1 
1 
1 
1 
1 
1 
1 
1 
1 
1 
1 
1.00916 
1 
1 
1 
1 
1 
1 
1 
0.999043 
1 
1 
1 
1 
0.999719 
1 
0.999173 
1 
1 
1 
1 
1 
1 
1 
1 
1 
1 
1 
1 
1 
1 
1 
1 
1 
1 
1 
1 
1 
1 
1 
1 
1 
1 
1 
1 
1 
1 
1 
1 
1 
1 
1 
1 
1 
1 
1 
1 
1 
1 
1 
1 
1 
1 
1 
1 
1 
1 
1 
1 
1 
1 
1 
1 
1 
1 
1 
1 
1 
1 
1 
1 
1 
1 
1 
0.998813 
1 
1 
1 
1 
1 
1 
1 
1 
1 
1 
1 
1 
1 
1 
1 
1 
1 
1 
0.999451 
0.998829 
1 
1 
1 
1 
1 
1 
1 
1 
1 
1 
0.998614 
1 
1 
1 
1 
1 
1 
1 
1 
1 
1 
1 
1.00873 
1 
1 
1 
1 
1 
1 
1 
0.999042 
0.99904 
0.998923 
1 
1 
1 
1 
0.999173 
1 
0.99893 
1 
1 
0.999263 
1 
1 
1 
1 
1 
1 
1 
1 
1 
1 
1 
1 
1 
1 
1 
1 
1 
1 
1 
1 
1 
1 
1 
1 
1 
1 
1 
1 
1 
1 
1 
1 
1 
1 
1 
1 
1 
1 
1 
1 
1 
1 
1 
1 
1 
1 
1 
1 
1 
1 
1 
1 
1 
1 
1 
1 
1 
1 
1 
1 
1 
1 
1 
1 
1 
1 
1 
1 
1 
1 
1 
1 
1 
1 
1 
1 
1 
1 
1 
1 
1 
1 
0.999034 
0.999028 
1 
1 
1 
1 
1 
1 
1 
1 
1 
1 
1 
1 
1 
1 
1 
1 
1 
1 
1 
1 
1 
1.01201 
1 
1 
1 
1 
1 
1 
1 
0.999042 
0.997948 
0.997492 
1 
1 
1 
1 
1 
1 
0.99893 
0.999045 
0.999801 
0.997673 
1 
1 
1 
1 
1 
1 
1 
1 
1 
1 
1 
1 
1 
1 
1 
1 
1 
1 
1 
1 
1 
1 
1 
1 
1 
1 
1 
1 
1 
1 
1 
1 
1 
1 
1 
1 
1 
1 
1 
1 
1 
1 
1 
1 
1 
1 
1 
1 
1 
1 
1 
1 
1 
1 
1 
1 
1 
1 
1 
1 
1 
1 
1 
1 
1 
1 
0.998904 
0.998813 
1 
1 
1 
1 
1 
1 
1 
1 
1 
1 
1 
1 
1 
1 
1 
0.999028 
1 
1 
1 
1 
1 
1 
1 
1 
1 
0.999426 
1 
1 
1 
1 
1 
1 
1 
1 
1 
1 
1 
1.00971 
0.999389 
1 
1 
1 
1 
1 
1 
1 
0.998908 
0.998569 
1 
1 
1 
1 
1 
1 
1 
0.999045 
0.999801 
0.99841 
1 
1 
1 
1 
1 
1 
1 
1 
1 
1 
1 
1 
1 
1 
1 
1 
1 
1 
1 
1 
1 
1 
1 
1 
1 
1 
1 
1 
1 
1 
1 
1 
1 
1 
1 
1 
1 
1 
1 
1 
1 
1 
1 
1 
1 
1 
1 
1 
1 
1 
1 
1 
1 
1 
1 
1 
1 
1 
1 
1 
1 
1 
1 
1 
1 
1 
0.997816 
0.998813 
1 
1 
1 
1 
1 
1 
1 
1 
1 
1 
1 
1 
0.999224 
1 
1 
0.998434 
1 
1 
1 
1 
1 
1 
1 
1 
0.999212 
0.999426 
1 
0.99953 
1 
0.999908 
1 
1 
1 
1 
1 
1 
0.999389 
1.00948 
0.999389 
1 
1 
1 
1 
1 
1 
1 
0.999377 
1 
1 
1 
1 
1 
1 
1 
1 
1 
1 
1 
1 
1 
1 
1 
1 
1 
1 
1 
1 
1 
1 
1 
1 
1 
1 
1 
1 
1 
1 
1 
1 
1 
1 
1 
1 
1 
1 
1 
1 
1 
1 
1 
1 
1 
1 
1 
1 
1 
1 
1 
1 
1 
1 
1 
1 
1 
1 
1 
1 
1 
1 
1 
1 
1 
1 
1 
1 
1 
1 
1 
1 
1 
1 
1 
1 
1 
0.998912 
1 
1 
1 
1 
1 
1 
1 
0.998822 
1 
1 
1 
1 
1 
0.999224 
0.998926 
1 
0.998434 
1 
1 
0.999043 
1 
1 
1 
1 
1 
0.999212 
1 
1 
0.99953 
1 
0.999908 
1 
1 
1 
1 
1 
1 
0.999389 
1.01178 
0.999043 
1 
1 
1 
1 
1 
1 
1 
0.999377 
1 
1 
1 
1 
1 
1 
1 
1 
1 
1 
1 
1 
1 
1 
1 
1 
1 
1 
1 
1 
1 
1 
1 
1 
1 
1 
1 
1 
1 
1 
1 
1 
1 
1 
1 
1 
1 
1 
1 
1 
1 
1 
1 
1 
1 
1 
1 
1 
1 
1 
1 
1 
1 
1 
1 
1 
1 
1 
1 
1 
1 
1 
1 
1 
1 
1 
1 
1 
0.999549 
1 
1 
1 
1 
1 
1 
1 
1 
1 
1 
1 
1 
1 
1 
1 
1 
0.998822 
1 
1 
1 
1 
1 
0.999043 
0.998926 
1 
1 
1 
0.999043 
0.999043 
1 
1 
0.999043 
1 
1 
1 
1 
1 
1 
1 
0.999043 
1 
1 
1 
1 
1 
1 
0.999043 
1.01151 
0.998085 
1 
1 
1 
1 
1 
1 
1 
1 
1 
1 
1 
1 
1 
1 
1 
1 
1 
1 
1 
1 
1 
1 
1 
1 
1 
1 
1 
1 
1 
1 
1 
1 
1 
1 
1 
1 
1 
1 
1 
1 
1 
1 
1 
1 
1 
1 
1 
1 
1 
1 
1 
1 
1 
1 
1 
1 
1 
1 
1 
1 
1 
1 
1 
1 
1 
1 
1 
1 
1 
1 
1 
1 
1 
1 
1 
1 
0.999549 
1 
1 
1 
1 
1 
1 
1 
1 
1 
1 
1 
1 
1 
1 
1 
1 
1 
1 
1 
1 
1 
1 
0.999043 
0.999043 
1 
1 
0.999043 
0.999043 
1 
1 
0.999043 
0.999043 
1 
1 
1 
1 
1 
1 
1 
0.998085 
1 
1 
1 
1 
1 
1 
0.998085 
1.01149 
0.999043 
0.999043 
1 
1 
1 
1 
1 
1 
1 
1 
1 
1 
1 
1 
1 
1 
1 
1 
1 
1 
1 
1 
1 
1 
1 
1 
1 
1 
1 
1 
1 
1 
1 
1 
1 
1 
1 
1 
1 
1 
1 
1 
1 
1 
1 
1 
1 
1 
1 
1 
1 
1 
1 
1 
1 
1 
1 
1 
1 
1 
1 
1 
1 
1 
1 
1 
1 
1 
1 
1 
1 
1 
1 
1 
1 
1 
1 
1 
1 
1 
1 
1 
1 
1 
1 
1 
1 
1 
1 
0.999527 
1 
1 
1 
1 
1 
0.999543 
1 
1 
1 
1 
1 
0.999043 
1 
1 
0.999043 
1 
1 
1 
0.999043 
1 
1 
1 
1 
1 
0.998933 
1 
1 
0.999043 
1 
1 
1 
1 
1 
1 
0.999043 
1.00862 
1 
0.998163 
1 
1 
1 
1 
1 
1 
1 
1 
1 
1 
1 
1 
1 
1 
1 
1 
1 
1 
1 
1 
1 
1 
1 
1 
1 
1 
1 
1 
1 
1 
1 
1 
1 
1 
1 
1 
1 
1 
1 
1 
1 
1 
1 
1 
1 
1 
1 
1 
1 
1 
1 
1 
1 
1 
1 
1 
1 
1 
1 
1 
1 
1 
1 
1 
1 
1 
1 
1 
1 
1 
1 
1 
1 
1 
1 
1 
1 
1 
1 
1 
1 
1 
1 
1 
1 
1 
1 
0.999527 
1 
1 
1 
1 
1 
0.999543 
1 
1 
1 
0.999043 
1 
1 
1 
1 
1 
1 
0.999043 
1 
1 
1 
1 
1 
1 
1 
0.998933 
1 
1 
0.999042 
1 
1 
1 
1 
1 
0.999043 
1 
1.00862 
0.999043 
0.998163 
1 
1 
1 
1 
1 
1 
1 
1 
1 
1 
1 
1 
1 
1 
1 
1 
1 
1 
1 
1 
1 
1 
1 
1 
1 
1 
1 
1 
1 
1 
1 
1 
1 
1 
1 
1 
1 
1 
1 
1 
1 
1 
1 
1 
1 
1 
1 
1 
1 
1 
1 
1 
1 
1 
1 
1 
1 
1 
1 
1 
1 
1 
1 
1 
1 
1 
1 
1 
1 
1 
1 
1 
1 
1 
1 
1 
1 
1 
1 
1 
1 
1 
1 
1 
1 
1 
1 
1 
1 
1 
1 
0.998992 
1 
1 
1 
1 
1 
0.999043 
1 
1 
1 
1 
1 
0.99904 
0.999043 
1 
1 
1 
1 
1 
0.999017 
1 
1 
1 
0.99904 
0.999042 
1 
1 
1 
1 
1 
0.998163 
0.999043 
1.01149 
0.999043 
0.999043 
1 
1 
1 
1 
1 
1 
1 
1 
1 
1 
1 
1 
1 
1 
1 
1 
1 
1 
1 
1 
1 
1 
1 
1 
1 
1 
1 
1 
1 
1 
1 
1 
1 
1 
1 
1 
1 
1 
1 
1 
1 
1 
1 
1 
1 
1 
1 
1 
1 
1 
1 
1 
1 
1 
1 
1 
1 
1 
1 
1 
1 
1 
1 
1 
1 
1 
1 
1 
1 
1 
1 
1 
1 
1 
1 
1 
1 
1 
1 
1 
1 
1 
1 
1 
1 
1 
1 
1 
1 
1 
1 
0.998992 
1 
1 
1 
0.998347 
1 
1 
1 
1 
1 
1 
1 
0.99904 
1 
1 
1 
1 
1 
1 
0.999017 
1 
1 
0.998923 
0.997948 
1 
1 
1 
1 
1 
1 
0.998163 
0.999043 
1.01204 
0.999966 
1 
1 
1 
1 
1 
1 
1 
1 
0.998521 
1 
1 
1 
1 
1 
1 
1 
1 
1 
1 
1 
1 
1 
1 
1 
1 
1 
1 
1 
1 
1 
1 
1 
1 
1 
1 
1 
1 
1 
1 
1 
1 
1 
1 
1 
1 
1 
1 
1 
1 
1 
1 
1 
1 
1 
1 
1 
1 
1 
1 
1 
1 
1 
1 
1 
1 
1 
1 
1 
1 
1 
1 
1 
1 
1 
1 
1 
1 
1 
1 
1 
0.99857 
1 
1 
1 
1 
1 
1 
1 
1 
1 
1 
1 
0.999041 
1 
1 
0.99882 
0.998347 
1 
1 
1 
1 
1 
1 
1 
1 
1 
1 
1 
1 
1 
1 
0.999719 
1 
1 
0.997492 
0.998908 
1 
1 
1 
1 
1 
1 
0.999043 
0.999966 
1.01248 
0.999966 
1 
1 
1 
1 
1 
1 
1 
1 
0.998521 
1 
1 
1 
1 
1 
1 
1 
1 
1 
1 
1 
1 
1 
1 
1 
1 
1 
1 
1 
1 
1 
1 
1 
1 
1 
1 
1 
1 
1 
1 
1 
1 
1 
1 
1 
1 
1 
1 
1 
1 
1 
1 
1 
1 
1 
1 
1 
1 
1 
1 
1 
1 
1 
1 
0.999702 
1 
1 
1 
1 
0.999427 
1 
1 
1 
1 
1 
1 
1 
1 
1 
1 
1 
0.99857 
1 
1 
1 
1 
1 
1 
1 
1 
1 
1 
1 
0.999041 
0.998476 
1 
0.99882 
1 
1 
1 
1 
0.999053 
1 
1 
1 
1 
0.998856 
1 
1 
1 
1 
1 
0.999719 
1 
1 
0.998569 
0.999377 
1 
1 
1 
1 
1 
1 
1 
0.999966 
1.01214 
0.999194 
1 
0.999091 
1 
1 
1 
1 
1 
1 
1 
1 
1 
1 
1 
1 
1 
1 
1 
1 
1 
1 
1 
1 
1 
1 
1 
1 
1 
1 
1 
1 
1 
1 
1 
1 
1 
1 
1 
1 
1 
1 
1 
1 
1 
1 
1 
1 
1 
1 
1 
1 
1 
1 
1 
1 
1 
1 
1 
1 
1 
1 
1 
1 
1 
0.999702 
1 
1 
1 
1 
0.999427 
1 
1 
1 
1 
1 
1 
1 
1 
1 
1 
1 
1 
1 
1 
1 
1 
1 
1 
1 
1 
1 
1 
1 
0.999186 
0.998476 
1 
1 
1 
1 
1 
0.999051 
0.999053 
1 
1 
1 
1 
0.997146 
1 
1 
1 
1 
1 
1 
1 
1 
1 
0.999377 
1 
1 
1 
1 
1 
1 
1 
0.999194 
1.01199 
0.999194 
1 
0.999091 
1 
0.99951 
0.998733 
1 
1 
1 
1 
1 
1 
1 
1 
1 
1 
1 
1 
1 
1 
1 
1 
1 
1 
1 
1 
1 
1 
1 
1 
1 
1 
1 
1 
1 
1 
1 
1 
1 
1 
1 
1 
1 
1 
1 
1 
1 
1 
1 
1 
1 
1 
1 
1 
1 
1 
1 
1 
1 
1 
1 
1 
1 
1 
1 
1 
1 
1 
1 
1 
1 
1 
1 
1 
1 
1 
1 
1 
1 
1 
1 
1 
1 
1 
1 
1 
0.999147 
1 
1 
1 
1 
1 
1 
0.999186 
1 
1 
1 
1 
0.999175 
0.998763 
0.999051 
1 
1 
1 
1 
1 
0.998289 
1 
1 
1 
0.999173 
1 
1 
1 
1 
1 
1 
1 
1 
1 
1 
1 
1 
1 
0.999194 
1.01183 
0.998873 
1 
1 
1 
0.99951 
0.998733 
0.999078 
1 
1 
1 
1 
1 
1 
1 
1 
1 
1 
1 
1 
1 
1 
1 
1 
1 
1 
1 
1 
1 
1 
1 
1 
1 
1 
1 
1 
1 
1 
1 
1 
1 
1 
1 
1 
1 
1 
1 
1 
1 
1 
1 
1 
1 
1 
1 
1 
1 
1 
1 
1 
1 
1 
1 
1 
1 
1 
1 
1 
1 
1 
1 
1 
1 
1 
1 
1 
1 
1 
1 
1 
1 
1 
1 
1 
1 
1 
0.999147 
0.999147 
1 
1 
1 
1 
1 
1 
1 
1 
1 
1 
1 
0.998398 
0.998763 
1 
1 
1 
0.99861 
1 
1 
1 
1 
1 
1 
0.999173 
1 
1 
1 
1 
1 
1 
1 
1 
1 
1 
1 
0.999091 
1 
0.998873 
1.01162 
0.998099 
1 
1 
1 
1 
1 
0.999078 
1 
1 
1 
1 
1 
1 
1 
1 
1 
1 
1 
1 
1 
1 
1 
1 
1 
1 
1 
1 
1 
1 
1 
1 
1 
1 
1 
1 
1 
1 
1 
1 
1 
1 
1 
1 
1 
1 
1 
1 
1 
1 
1 
1 
1 
1 
1 
1 
1 
1 
1 
1 
1 
1 
1 
1 
1 
1 
1 
1 
1 
1 
1 
1 
1 
1 
1 
1 
1 
1 
1 
1 
1 
1 
1 
1 
0.999244 
0.999361 
0.999147 
1 
1 
1 
1 
1 
1 
1 
1 
1 
1 
1 
1 
0.999223 
1 
1 
1 
0.999226 
0.99861 
1 
1 
1 
1 
1 
1 
1 
1 
1 
1 
1 
1 
1 
1 
1 
1 
1 
1 
0.999091 
1 
0.998099 
1.00877 
0.999226 
1 
1 
1 
1 
1 
1 
1 
1 
1 
1 
1 
1 
1 
1 
1 
1 
1 
1 
1 
1 
1 
1 
1 
1 
1 
1 
1 
1 
1 
1 
1 
1 
1 
1 
1 
1 
1 
1 
1 
1 
1 
1 
1 
1 
1 
1 
1 
1 
1 
1 
1 
1 
1 
1 
1 
1 
1 
1 
1 
1 
1 
1 
1 
1 
1 
1 
1 
1 
1 
1 
1 
1 
1 
1 
1 
1 
1 
1 
1 
1 
1 
1 
0.999244 
0.998927 
0.999557 
1 
1 
1 
1 
1 
1 
1 
1 
1 
1 
1 
1 
1 
1 
1 
1 
0.999226 
1 
1 
1 
1 
1 
0.99893 
1 
1 
1 
1 
1 
1 
1 
1 
1 
1 
1 
1 
1 
1 
1 
0.999226 
1.00582 
1 
1 
0.999066 
1 
1 
1 
1 
1 
1 
1 
1 
1 
1 
1 
1 
1 
1 
1 
1 
1 
1 
1 
1 
1 
1 
1 
1 
1 
1 
1 
1 
1 
1 
1 
1 
1 
1 
1 
1 
1 
1 
1 
1 
1 
1 
1 
1 
1 
1 
1 
1 
1 
1 
1 
1 
1 
1 
1 
1 
1 
1 
1 
1 
1 
1 
1 
1 
1 
1 
1 
1 
1 
1 
0.998415 
0.999527 
1 
1 
1 
1 
1 
1 
1 
1 
1 
0.999567 
0.999557 
0.998614 
1 
1 
1 
1 
1 
1 
1 
1 
1 
1 
1 
1 
1 
1 
0.999626 
1 
1 
1 
1 
1 
1 
0.99893 
1 
1 
1 
1 
1 
1 
1 
1 
1 
1 
1 
0.99951 
1 
1 
1 
1 
1.00882 
0.999371 
1 
0.999066 
1 
1 
1 
1 
1 
1 
1 
1 
1 
1 
1 
1 
1 
1 
1 
1 
1 
1 
1 
1 
1 
1 
1 
1 
1 
1 
1 
1 
1 
1 
1 
1 
1 
1 
1 
1 
1 
1 
1 
1 
1 
1 
1 
1 
1 
1 
1 
1 
1 
1 
1 
1 
1 
1 
1 
0.999572 
1 
1 
1 
1 
1 
1 
0.999426 
1 
1 
1 
1 
1 
1 
1 
0.998415 
0.999527 
1 
1 
1 
1 
1 
1 
1 
1 
1 
1 
0.998902 
0.998614 
1 
1 
1 
1 
1 
1 
1 
0.999051 
1 
1 
1 
1 
1 
1 
0.999626 
1 
1 
1 
1 
1 
0.999045 
1 
1 
1 
1 
1 
1 
1 
1 
1 
1 
1 
0.998733 
0.99951 
1 
1 
1 
0.999371 
1.01179 
0.999371 
0.999051 
1 
1 
1 
1 
1 
1 
1 
1 
1 
1 
1 
1 
1 
1 
1 
1 
1 
1 
1 
1 
1 
1 
1 
1 
1 
1 
1 
1 
1 
1 
1 
1 
1 
1 
1 
1 
1 
1 
1 
1 
1 
1 
1 
1 
1 
1 
1 
1 
1 
1 
1 
1 
1 
1 
1 
1 
0.999572 
1 
1 
1 
1 
1 
1 
0.999426 
1 
1 
1 
1 
1 
1 
1 
1 
1 
1 
1 
1 
1 
1 
1 
0.999025 
1 
1 
1 
0.998902 
1 
1 
1 
1 
1 
1 
0.998674 
1 
0.999051 
1 
1 
1 
1 
1 
1 
1 
1 
1 
1 
0.999263 
0.999801 
0.999045 
1 
1 
1 
1 
1 
1 
1 
0.998521 
1 
1 
1 
0.998733 
1 
1 
0.999066 
1 
0.999371 
1.01191 
0.999584 
0.999051 
1 
1 
1 
1 
1 
1 
1 
1 
1 
1 
1 
1 
1 
1 
1 
1 
1 
1 
1 
1 
1 
1 
1 
1 
1 
1 
1 
1 
1 
1 
1 
1 
1 
1 
1 
1 
1 
1 
1 
1 
1 
1 
1 
1 
1 
1 
1 
1 
1 
1 
1 
1 
1 
1 
1 
1 
1 
1 
1 
1 
1 
1 
1 
1 
1 
1 
1 
1 
1 
1 
1 
1 
1 
1 
1 
1 
1 
1 
1 
0.999025 
1 
1 
1 
1 
1 
1 
1 
1 
1 
0.99866 
0.997752 
1 
1 
1 
1 
1 
1 
1 
1 
1 
1 
1 
1 
0.997673 
0.999801 
1 
1 
1 
1 
1 
1 
1 
1 
0.998521 
1 
1 
0.999078 
1 
1 
1 
0.999066 
0.999051 
0.999584 
1.01221 
0.999584 
1 
1 
1 
1 
1 
1 
1 
1 
1 
1 
1 
1 
1 
1 
1 
1 
1 
1 
1 
1 
1 
1 
1 
1 
1 
1 
1 
1 
1 
1 
1 
1 
1 
1 
1 
1 
1 
1 
1 
1 
1 
1 
1 
1 
1 
1 
1 
1 
1 
1 
1 
1 
1 
1 
1 
1 
1 
1 
1 
1 
1 
1 
1 
1 
1 
1 
1 
1 
1 
1 
1 
1 
1 
1 
1 
1 
1 
1 
1 
1 
1 
1 
1 
1 
1 
1 
1 
1 
1 
1 
0.99866 
0.999078 
1 
1 
1 
1 
1 
1 
1 
1 
1 
1 
1 
1 
0.99841 
1 
1 
1 
1 
1 
1 
1 
1 
1 
1 
1 
1 
0.999078 
1 
1 
1 
1 
0.999051 
0.999584 
1.00949 
1 
1 
0.998846 
1 
1 
1 
1 
1 
1 
1 
1 
1 
1 
1 
1 
1 
1 
1 
1 
1 
1 
1 
1 
1 
1 
1 
1 
1 
1 
1 
1 
1 
1 
1 
1 
1 
1 
1 
1 
1 
1 
1 
1 
1 
1 
1 
1 
1 
1 
1 
1 
1 
1 
1 
1 
0.999149 
1 
0.998655 
1 
1 
1 
1 
1 
1 
1 
1 
1 
1 
1 
1 
1 
1 
1 
1 
1 
1 
1 
1 
1 
1 
1 
1 
1 
1 
1 
1 
1 
1 
1 
1 
1 
1 
1 
1 
1 
1 
1 
1 
1 
1 
1 
1 
1 
1 
1 
1 
1 
1 
1 
1 
1 
1 
1 
1 
1 
1 
1 
1 
1 
1 
1 
1 
1 
1 
1 
18.0033 
1 
1 
0.998846 
1 
1 
1 
1 
1 
1 
1 
1 
1 
1 
1 
1 
1 
1 
1 
1 
1 
1 
1 
1 
1 
1 
1 
1 
1 
1 
1 
1 
1 
1 
1 
1 
1 
1 
1 
1 
1 
1 
1 
1 
1 
1 
1 
1 
1 
1 
1 
1 
1 
1 
1 
1 
0.999149 
1 
0.998655 
1 
1 
1 
1 
1 
1 
1 
1 
1 
1 
1 
1 
1 
1 
1 
1 
1 
1 
1 
1 
1 
1 
1 
1 
1 
1 
1 
1 
1 
1 
1 
1 
1 
1 
1 
1 
1 
1 
1 
1 
1 
1 
1 
1 
1 
1 
1 
1 
1 
1 
1 
1 
1 
1 
1 
1 
1 
1 
1 
1 
1 
1 
1 
1 
1 
1 
1 
35 
1 
1 
1 
1 
1 
1 
1 
1 
1 
1 
1 
1 
1 
1 
1 
1 
1 
1 
1 
1 
1 
1 
1 
1 
1 
1 
1 
1 
1 
1 
1 
1 
1 
1 
1 
1 
1 
1 
1 
1 
1 
1 
1 
1 
1 
1 
1 
1 
1 
1 
1 
1 
1 
1 
1 
1 
1 
1 
1 
1 
1 
1 
1 
1 
1 
1 
1 
1 
1 
1 
1 
1 
1 
1 
1 
1 
1 
1 
1 
1 
1 
1 
1 
1 
1 
1 
1 
1 
1 
1 
1 
1 
1 
1 
1 
1 
1 
1 
1 
1 
1 
1 
1 
1 
1 
1 
1 
1 
1 
1 
1 
1 
1 
1 
1 
1 
1 
1 
1 
1 
1 
1 
0.998846 
1 
1 
18.0033 
1 
1 
1 
1 
1 
1 
1 
1 
0.999165 
1 
1 
1 
1 
1 
1 
1 
1 
1 
1 
1 
1 
0.998989 
1 
1 
1 
1 
1 
1 
1 
1 
1 
1 
1 
1 
1 
1 
1 
1 
1 
1 
1 
1 
1 
1 
1 
1 
1 
1 
1 
1 
1 
1 
1 
1 
0.99968 
1 
1 
1 
1 
1 
1 
1 
1 
1 
1 
1 
1 
1 
1 
1 
1 
1 
1 
1 
1 
1 
1 
1 
1 
1 
1 
1 
1 
1 
1 
1 
1 
1 
1 
1 
1 
1 
1 
1 
1 
1 
1 
1 
1 
1 
1 
1 
1 
1 
1 
1 
1 
1 
1 
1 
1 
1 
1 
1 
1 
1 
1 
1 
1 
1 
1 
1 
0.998846 
1 
1 
1.00962 
1 
1 
1 
1 
1 
1 
1 
1 
0.999165 
1 
1 
1 
1 
1 
1 
1 
1 
1 
1 
1 
0.998991 
0.998989 
1 
0.999229 
1 
1 
1 
1 
1 
1 
1 
1 
1 
0.998419 
1 
1 
1 
1 
1 
1 
1 
1 
1 
1 
1 
1 
1 
1 
1 
1 
0.998197 
1 
1 
1 
0.99968 
1 
1 
0.998868 
1 
1 
1 
1 
1 
1 
1 
1 
1 
1 
1 
1 
1 
1 
1 
1 
1 
1 
1 
1 
1 
1 
1 
1 
1 
1 
1 
1 
1 
1 
1 
1 
1 
1 
1 
1 
1 
1 
1 
1 
1 
1 
1 
1 
1 
1 
1 
1 
1 
1 
1 
1 
1 
1 
1 
1 
1 
1 
1 
1 
1 
1 
1 
1 
1 
1 
1 
1.00964 
1 
1 
1 
1 
1 
1 
1 
1 
1 
1 
1 
1 
1 
1 
1 
1 
0.999151 
1 
1 
1 
0.998991 
1 
1 
0.999229 
0.998861 
1 
1 
1 
1 
0.998647 
1 
1 
1 
0.998419 
1 
1 
1 
1 
1 
1 
1 
1 
1 
1 
1 
1 
1 
1 
1 
1 
0.998197 
1 
1 
1 
1 
1 
1 
0.998868 
1 
1 
1 
1 
1 
1 
1 
1 
1 
1 
1 
1 
1 
1 
1 
1 
1 
1 
1 
1 
1 
1 
1 
1 
1 
1 
1 
1 
1 
1 
1 
1 
1 
1 
1 
1 
1 
1 
1 
1 
1 
1 
1 
1 
1 
1 
1 
1 
1 
1 
1 
1 
1 
1 
1 
1 
1 
1 
1 
1 
1 
1 
1 
1 
1 
1 
1 
1.00667 
1 
1 
1 
1 
1 
1 
1 
1 
1 
1 
1 
1 
1 
1 
1 
0.998881 
0.999151 
1 
1 
1 
1 
1 
1 
1 
0.998861 
1 
1 
1 
1 
0.998647 
1 
1 
1 
1 
0.998653 
1 
1 
1 
1 
1 
1 
1 
1 
1 
1 
1 
0.999137 
1 
1 
1 
1 
1 
1 
1 
1 
1 
1 
1 
1 
1 
1 
1 
1 
1 
1 
1 
1 
1 
1 
1 
1 
1 
1 
1 
1 
1 
1 
1 
1 
1 
1 
1 
1 
1 
1 
1 
1 
1 
1 
1 
1 
1 
1 
1 
1 
1 
1 
1 
1 
1 
1 
1 
1 
1 
1 
1 
1 
1 
1 
1 
1 
1 
1 
1 
1 
1 
1 
1 
1 
1 
1 
1 
1 
1 
1 
1.00963 
1 
1 
1 
1 
1 
1 
1 
1 
1 
1 
1 
1 
1 
1 
1 
0.997926 
1 
1 
1 
1 
1 
1 
1 
1 
1 
1 
1 
1 
1 
1 
1 
1 
1 
1 
0.998653 
1 
1 
0.999186 
1 
1 
1 
1 
1 
1 
0.998376 
1 
0.99818 
1 
1 
1 
1 
0.998354 
1 
0.999701 
1 
1 
1 
1 
1 
1 
1 
1 
1 
1 
1 
1 
1 
1 
1 
1 
1 
1 
1 
1 
1 
1 
1 
1 
1 
1 
1 
1 
1 
1 
1 
1 
1 
1 
1 
1 
1 
1 
1 
1 
1 
1 
1 
1 
1 
1 
1 
1 
1 
1 
1 
1 
1 
1 
1 
1 
1 
1 
1 
1 
1 
1 
1 
1 
1 
1 
1 
1 
1 
1 
1 
1.00964 
1 
1 
1 
1 
1 
1 
1 
1 
1 
1 
1 
1 
1 
1 
1 
0.999044 
1 
1 
1 
1 
1 
1 
1 
1 
0.999159 
1 
1 
1 
1 
1 
1 
1 
1 
1 
1 
1 
1 
0.999186 
1 
1 
0.998638 
1 
1 
1 
0.997239 
1 
0.999043 
1 
1 
1 
1 
0.998354 
1 
0.999701 
1 
1 
1 
1 
1 
1 
1 
1 
1 
1 
1 
1 
1 
1 
1 
1 
1 
1 
1 
1 
1 
1 
1 
1 
1 
1 
1 
1 
1 
1 
1 
1 
1 
1 
1 
1 
1 
1 
1 
1 
1 
1 
1 
1 
1 
1 
1 
1 
1 
1 
1 
1 
1 
1 
1 
1 
1 
1 
1 
1 
1 
1 
1 
1 
1 
1 
1 
1 
1 
1 
1 
1.00691 
1 
1 
1 
1 
1 
0.999338 
1 
1 
1 
1 
1 
1 
1 
1 
1 
1 
1 
1 
1 
1 
1 
1 
1 
0.998617 
0.999159 
1 
1 
1 
1 
1 
1 
1 
1 
1 
1 
1 
0.998475 
1 
1 
1 
0.998638 
1 
1 
1 
0.998863 
1 
1 
1 
1 
1 
1 
1 
1 
1 
1 
1 
1 
1 
1 
1 
1 
1 
1 
1 
1 
1 
1 
1 
1 
1 
1 
1 
1 
1 
1 
1 
1 
1 
1 
1 
1 
1 
1 
1 
1 
1 
1 
1 
1 
1 
1 
1 
1 
1 
1 
1 
1 
1 
1 
1 
1 
1 
1 
1 
1 
1 
1 
1 
1 
1 
1 
1 
1 
1 
1 
1 
1 
1 
1 
1 
1 
1 
1 
1 
1 
1.00696 
1 
1 
1 
1 
1 
0.999338 
1 
1 
1 
1 
0.999068 
1 
1 
1 
1 
1 
1 
1 
1 
1 
1 
1 
1 
0.998617 
1 
1 
1 
1 
1 
1 
1 
1 
1 
1 
1 
1 
0.997276 
0.998745 
1 
1 
1 
1 
1 
1 
1 
1 
1 
1 
1 
1 
1 
1 
1 
1 
1 
1 
1 
1 
1 
1 
1 
1 
1 
1 
1 
1 
1 
1 
1 
1 
1 
1 
1 
1 
1 
1 
1 
1 
1 
1 
1 
1 
1 
1 
1 
1 
1 
1 
1 
1 
1 
1 
1 
1 
1 
1 
1 
1 
1 
1 
1 
1 
1 
1 
1 
1 
1 
1 
1 
1 
1 
1 
1 
1 
1 
1 
1 
1 
1 
1 
1 
1 
1 
1 
1 
1.00679 
1 
1 
1 
1 
1 
1 
1 
1 
0.999219 
1 
0.999068 
1 
1 
1 
1 
0.998604 
1 
0.998773 
1 
1 
1 
1 
1 
1 
1 
1 
1 
1 
1 
1 
1 
1 
1 
1 
1 
1 
0.998801 
0.998745 
1 
1 
1 
1 
1 
1 
1 
1 
1 
1 
1 
1 
1 
1 
1 
1 
1 
1 
1 
1 
1 
1 
1 
1 
1 
1 
1 
1 
1 
1 
1 
1 
1 
1 
1 
1 
1 
1 
1 
1 
1 
1 
1 
1 
1 
1 
1 
1 
1 
1 
1 
1 
1 
1 
1 
1 
1 
1 
1 
1 
1 
1 
1 
1 
1 
1 
1 
1 
1 
1 
1 
1 
1 
1 
1 
1 
1 
1 
0.999165 
1 
1 
1 
1 
1 
1 
1 
1 
1.00677 
1 
1 
1 
1 
1 
0.99882 
1 
1 
0.999219 
1 
1 
1 
0.998648 
1 
1 
0.998604 
1 
0.998773 
1 
1 
1 
1 
1 
1 
1 
1 
1 
1 
1 
1 
1 
1 
1 
1 
1 
1 
1 
1 
1 
1 
1 
1 
1 
1 
1 
1 
1 
1 
1 
1 
1 
1 
1 
1 
1 
1 
1 
1 
1 
1 
1 
1 
1 
1 
1 
1 
1 
1 
1 
1 
1 
1 
1 
1 
1 
1 
1 
1 
1 
1 
1 
1 
1 
1 
1 
1 
1 
1 
1 
1 
1 
1 
1 
1 
1 
1 
1 
1 
1 
1 
1 
1 
1 
1 
1 
1 
1 
1 
1 
1 
1 
1 
1 
1 
1 
1 
0.999165 
1 
1 
1 
1 
1 
1 
1 
1 
18.0034 
1 
1 
1 
1 
1 
0.99882 
1 
1 
1 
1 
1 
1 
0.998648 
1 
1 
1 
1 
1 
1 
1 
1 
1 
1 
1 
1 
1 
1 
1 
1 
1 
1 
1 
1 
1 
1 
1 
1 
1 
1 
1 
1 
1 
1 
1 
1 
1 
1 
1 
1 
1 
1 
1 
1 
1 
1 
1 
1 
1 
1 
1 
1 
1 
1 
1 
1 
1 
1 
1 
1 
1 
1 
1 
1 
1 
1 
1 
1 
1 
1 
1 
1 
1 
1 
1 
1 
1 
1 
1 
1 
1 
1 
1 
1 
1 
1 
1 
1 
1 
1 
1 
1 
1 
1 
1 
1 
1 
1 
1 
1 
1 
1 
1 
1 
1 
1 
1 
1 
1 
1 
1 
1 
1 
1 
1 
1 
35 
1 
1 
1 
1 
1 
1 
1 
1 
1 
1 
1 
1 
1 
1 
1 
1 
1 
1 
1 
1 
1 
1 
1 
1 
1 
1 
1 
1 
1 
1 
1 
1 
1 
1 
1 
1 
1 
1 
1 
1 
1 
1 
1 
1 
1 
1 
1 
1 
1 
1 
1 
1 
1 
1 
1 
1 
1 
1 
1 
1 
1 
1 
1 
1 
1 
1 
1 
1 
1 
1 
1 
1 
1 
1 
1 
1 
1 
1 
1 
1 
1 
1 
1 
1 
1 
1 
1 
1 
1 
1 
1 
1 
1 
1 
1 
1 
1 
1 
1 
1 
1 
1 
1 
1 
1 
1 
1 
1 
1 
1 
1 
1 
1 
1 
1 
1 
1 
1 
1 
0.999338 
1 
1 
1 
1 
1 
18.0036 
1 
1 
1 
1 
1 
0.998617 
1 
1 
1 
1 
1 
1 
1 
1 
1 
1 
1 
1 
1 
1 
1 
1 
1 
1 
1 
1 
1 
1 
1 
1 
0.998475 
1 
1 
1 
1 
1 
1 
1 
1 
1 
1 
1 
1 
1 
1 
1 
1 
1 
1 
1 
1 
1 
1 
1 
1 
1 
1 
1 
1 
1 
1 
1 
1 
1 
1 
1 
1 
1 
1 
1 
1 
1 
1 
1 
1 
1 
1 
1 
1 
1 
1 
1 
1 
1 
1 
1 
1 
1 
1 
1 
1 
1 
1 
1 
1 
1 
1 
1 
1 
1 
1 
1 
1 
1 
1 
1 
1 
1 
1 
1 
1 
1 
1 
1 
1 
1 
1 
1 
1 
0.999338 
1 
1 
1 
1 
1 
1.00981 
1 
1 
1 
1 
1 
0.998617 
1 
1 
1 
1 
1 
1 
1 
1 
1 
0.999051 
1 
1 
1 
1 
1 
1 
1 
1 
1 
1 
0.998887 
1 
1 
1 
0.998475 
1 
1 
0.998234 
1 
0.998806 
1 
1 
1 
1 
1 
1 
1 
1 
0.998787 
1 
1 
1 
1 
1 
1 
1 
1 
1 
1 
1 
1 
1 
1 
1 
1 
1 
1 
1 
1 
1 
1 
1 
1 
1 
1 
1 
1 
1 
1 
1 
1 
1 
1 
1 
1 
1 
1 
1 
1 
1 
1 
1 
1 
1 
1 
1 
1 
1 
1 
1 
1 
1 
1 
1 
1 
1 
1 
1 
1 
1 
1 
1 
1 
1 
1 
1 
1 
1 
1 
1 
1 
1 
1 
1 
1 
1 
1 
1 
1 
18.0062 
1 
1 
1 
1 
1 
1 
1 
1 
1 
1 
1 
1 
1 
1 
1 
0.999051 
1 
1 
1 
1 
1 
1 
1 
1 
1 
1 
0.998887 
1 
1 
1 
1 
1 
1 
0.998234 
1 
0.998806 
1 
1 
1 
1 
1 
1 
1 
1 
0.998787 
1 
1 
1 
1 
1 
1 
1 
1 
1 
1 
1 
1 
1 
1 
1 
1 
1 
1 
1 
1 
1 
1 
1 
1 
1 
1 
1 
1 
1 
1 
1 
1 
1 
1 
1 
1 
1 
1 
1 
1 
1 
1 
1 
1 
1 
1 
1 
1 
1 
1 
1 
1 
1 
1 
1 
1 
1 
1 
1 
1 
1 
1 
1 
1 
1 
1 
1 
1 
1 
1 
1 
1 
1 
1 
0.99882 
1 
1 
1 
1 
1 
18.0033 
1 
1 
1 
1 
1 
1 
0.999856 
1 
1 
0.998773 
1 
0.999224 
1 
1 
1 
1 
1 
1 
1 
1 
1 
1 
1 
1 
1 
1 
1 
1 
1 
1 
1 
1 
1 
1 
1 
1 
1 
1 
1 
1 
1 
1 
1 
1 
1 
1 
1 
1 
1 
1 
1 
1 
1 
1 
1 
1 
1 
1 
1 
1 
1 
1 
1 
1 
1 
1 
1 
1 
1 
1 
1 
1 
1 
1 
1 
1 
1 
1 
1 
1 
1 
1 
1 
1 
1 
1 
1 
1 
1 
1 
1 
1 
1 
1 
1 
1 
1 
1 
1 
1 
1 
1 
1 
1 
1 
1 
1 
1 
1 
1 
1 
1 
1 
1 
1 
1 
1 
1 
1 
0.99882 
1 
1 
1 
1 
1 
1.00955 
1 
1 
1 
1 
1 
1 
0.999031 
1 
1 
0.998773 
1 
0.999224 
0.99866 
1 
1 
1 
1 
1 
1 
1 
1 
1 
1 
1 
1 
1 
1 
1 
1 
1 
1 
1 
1 
1 
1 
1 
1 
1 
1 
1 
0.998674 
1 
1 
1 
1 
1 
1 
1 
1 
1 
1 
1 
1 
1 
1 
1 
1 
1 
1 
1 
1 
1 
1 
1 
1 
1 
1 
1 
1 
1 
1 
1 
1 
1 
1 
1 
1 
1 
1 
1 
1 
1 
1 
1 
1 
1 
1 
1 
1 
1 
1 
1 
1 
1 
1 
1 
1 
1 
1 
1 
1 
1 
1 
1 
1 
1 
1 
1 
1 
1 
1 
1 
1 
1 
1 
1 
0.999219 
1 
1 
1 
1 
1 
1 
1 
1 
1.00931 
1 
1 
1 
1 
1 
1 
0.998251 
1 
1 
1 
1 
1 
0.99866 
1 
1 
1 
1 
1 
1 
1 
1 
1 
1 
1 
1 
1 
1 
1 
1 
1 
1 
1 
1 
1 
1 
1 
1 
1 
1 
1 
0.998674 
1 
1 
1 
1 
1 
1 
1 
1 
1 
1 
1 
1 
1 
1 
1 
1 
1 
1 
1 
1 
1 
1 
1 
1 
1 
1 
1 
1 
1 
1 
1 
1 
1 
1 
1 
1 
1 
1 
1 
1 
1 
1 
1 
1 
1 
1 
1 
1 
1 
1 
1 
1 
1 
1 
1 
1 
1 
1 
1 
1 
1 
1 
1 
1 
1 
1 
1 
1 
1 
1 
1 
1 
1 
0.999068 
1 
0.999219 
1 
1 
0.998617 
1 
1 
1 
1 
1 
1.00667 
1 
1 
1 
1 
1 
1 
0.999075 
1 
1 
1 
1 
1 
1 
1 
1 
1 
1 
1 
1 
1 
1 
1 
1 
1 
0.999783 
1 
0.998947 
1 
1 
1 
1 
1 
1 
1 
1 
1 
1 
1 
1 
1 
1 
1 
1 
1 
1 
1 
1 
1 
1 
1 
1 
1 
1 
1 
1 
1 
1 
1 
1 
1 
1 
1 
1 
1 
1 
1 
1 
1 
1 
1 
1 
1 
1 
1 
1 
1 
1 
1 
1 
1 
1 
1 
1 
1 
1 
1 
1 
1 
1 
1 
1 
1 
1 
1 
1 
1 
1 
1 
1 
1 
1 
1 
1 
1 
1 
1 
1 
1 
0.999151 
0.998881 
1 
1 
1 
1 
0.999068 
1 
1 
1 
1 
0.998617 
1 
1 
1 
1 
1 
1.00688 
1 
1 
1 
1 
1 
1 
1 
1 
1 
1 
1 
1 
0.999044 
1 
1 
1 
1 
1 
0.999626 
1 
1 
1 
1 
1 
0.999783 
1 
0.998947 
1 
1 
1 
1 
1 
1 
1 
1 
1 
1 
1 
1 
1 
1 
1 
1 
1 
1 
1 
1 
1 
1 
1 
1 
1 
1 
1 
1 
1 
1 
1 
1 
1 
1 
1 
1 
1 
1 
1 
1 
1 
1 
1 
1 
1 
1 
1 
1 
1 
1 
1 
1 
1 
1 
1 
1 
1 
1 
1 
1 
1 
1 
1 
1 
1 
1 
1 
1 
1 
1 
1 
1 
1 
1 
1 
1 
1 
1 
1 
1 
1 
0.999151 
0.997926 
1 
1 
1 
1 
1 
1 
1 
1 
1 
1 
1 
1 
1 
1 
1 
1.0093 
1 
1 
1 
1 
1 
1 
1 
1 
1 
1 
1 
1 
0.999044 
1 
0.998626 
1 
1 
1 
0.998695 
1 
1 
0.999049 
1 
1 
1 
1 
1 
1 
1 
1 
0.99863 
0.999574 
1 
1 
1 
1 
1 
1 
1 
1 
1 
1 
1 
1 
1 
1 
1 
1 
1 
1 
1 
1 
1 
1 
1 
1 
1 
1 
1 
1 
1 
1 
1 
1 
1 
1 
1 
1 
1 
1 
1 
1 
1 
1 
1 
1 
1 
1 
1 
1 
1 
1 
1 
1 
1 
1 
1 
1 
1 
1 
1 
1 
1 
1 
1 
1 
1 
1 
1 
1 
1 
1 
1 
1 
1 
1 
1 
1 
1 
0.999044 
1 
1 
1 
1 
1 
1 
1 
1 
1 
1 
1 
1 
1 
1 
1 
1.01233 
1 
1 
1 
1 
1 
1 
1 
1 
1 
1 
1 
1 
1 
1 
0.998626 
1 
0.999349 
0.998862 
0.999069 
1 
0.998197 
0.999049 
1 
1 
0.998856 
1 
0.998413 
1 
1 
1 
0.99863 
0.999574 
1 
1 
1 
1 
1 
1 
1 
1 
1 
1 
1 
1 
1 
1 
1 
1 
1 
1 
1 
1 
1 
1 
1 
1 
1 
1 
1 
1 
1 
1 
1 
1 
1 
1 
1 
1 
1 
1 
1 
1 
1 
1 
1 
1 
1 
1 
1 
1 
1 
1 
1 
1 
1 
1 
1 
1 
1 
1 
1 
1 
1 
1 
1 
1 
1 
1 
1 
1 
1 
1 
1 
0.998989 
0.998991 
1 
1 
1 
1 
1 
1 
1 
0.998648 
1 
1 
1 
1 
1 
0.999856 
1 
1 
1 
1 
1 
1 
1.01226 
1 
1 
0.999019 
1 
1 
1 
1 
1 
1 
1 
1 
1 
1 
1 
1 
1 
0.999349 
0.998862 
1 
1 
0.998197 
1 
1 
1 
0.998856 
1 
0.998413 
1 
1 
1 
1 
1 
0.999239 
1 
1 
1 
0.999323 
1 
1 
1 
1 
1 
1 
1 
1 
1 
1 
1 
1 
1 
1 
1 
1 
1 
1 
1 
1 
1 
1 
1 
1 
1 
1 
1 
1 
1 
1 
1 
1 
1 
1 
1 
1 
1 
1 
1 
1 
1 
1 
1 
1 
1 
1 
1 
1 
1 
1 
1 
1 
1 
1 
1 
1 
1 
1 
1 
1 
1 
1 
1 
1 
1 
1 
0.998989 
0.998991 
1 
1 
1 
1 
1 
1 
1 
0.998648 
1 
1 
1 
1 
1 
0.999031 
1 
1 
1 
1 
1 
1 
1.01173 
1 
1 
0.999019 
1 
1 
0.999078 
1 
1 
1 
1 
1 
1 
1 
0.998873 
1 
1 
0.998763 
1 
1 
1 
1 
1 
1 
1 
1 
1 
1 
1 
1 
1 
1 
1 
0.999239 
1 
1 
1 
0.999323 
1 
1 
1 
1 
1 
1 
1 
1 
1 
1 
1 
1 
1 
1 
1 
1 
1 
1 
1 
1 
1 
1 
1 
1 
1 
1 
1 
1 
1 
1 
1 
1 
1 
1 
1 
1 
1 
1 
1 
1 
1 
1 
1 
1 
1 
1 
1 
1 
1 
1 
1 
1 
1 
1 
1 
1 
1 
1 
1 
1 
1 
1 
1 
1 
1 
1 
1 
1 
1 
1 
1 
1 
0.998604 
1 
1 
1 
1 
1 
1 
1 
1 
0.998251 
1 
1 
1 
1 
1 
1 
1.01183 
1 
0.999888 
1 
0.998892 
1 
0.999078 
1 
1 
1 
0.998952 
1 
1 
1 
0.998873 
1 
1 
0.998763 
1 
1 
1 
1 
1 
1 
1 
1 
1 
1 
1 
1 
1 
1 
1 
1 
1 
1 
1 
1 
1 
1 
1 
1 
1 
1 
1 
1 
1 
1 
1 
1 
1 
1 
1 
1 
1 
1 
1 
1 
1 
1 
1 
1 
1 
1 
1 
1 
1 
1 
1 
1 
1 
1 
1 
1 
1 
1 
1 
1 
1 
1 
1 
1 
1 
1 
1 
1 
1 
1 
1 
1 
1 
1 
1 
1 
1 
1 
1 
1 
1 
1 
1 
1 
0.999229 
1 
1 
1 
1 
1 
1 
1 
0.998604 
1 
1 
1 
1 
1 
0.998773 
1 
1 
0.999075 
1 
1 
1 
0.999019 
1 
1 
1.01199 
1 
0.99869 
1 
0.998892 
1 
1 
0.998975 
1 
1 
0.998201 
1 
1 
1 
1 
1 
1 
1 
1 
1 
1 
1 
1 
1 
1 
1 
1 
1 
1 
1 
1 
1 
1 
1 
1 
1 
1 
1 
1 
1 
1 
1 
1 
1 
1 
1 
1 
1 
1 
1 
1 
1 
1 
1 
1 
1 
1 
1 
1 
1 
1 
1 
1 
1 
1 
1 
1 
1 
1 
1 
1 
1 
1 
1 
1 
1 
1 
1 
1 
1 
1 
1 
1 
1 
1 
1 
1 
1 
1 
1 
1 
1 
1 
1 
1 
1 
1 
1 
1 
1 
1 
1 
0.999229 
1 
1 
1 
1 
1 
0.998773 
1 
1 
1 
1 
1 
1 
1 
0.998773 
1 
1 
1 
1 
1 
1 
0.999019 
0.999888 
1 
1.00933 
1 
0.997539 
1 
1 
1 
1 
0.998975 
1 
1 
0.999248 
1 
1 
1 
1 
1 
1 
1 
0.999224 
1 
1 
1 
1 
1 
1 
1 
1 
1 
1 
1 
1 
1 
1 
1 
1 
1 
1 
1 
1 
1 
1 
1 
1 
1 
1 
1 
1 
1 
1 
1 
1 
1 
1 
1 
1 
1 
1 
1 
1 
1 
1 
1 
1 
1 
1 
1 
1 
1 
1 
1 
1 
1 
1 
1 
1 
1 
1 
1 
1 
1 
1 
1 
1 
1 
1 
1 
1 
1 
1 
1 
1 
1 
1 
1 
1 
1 
1 
1 
1 
1 
1 
0.998861 
1 
1 
1 
1 
1 
1 
0.998773 
1 
1 
1 
1 
1 
0.999224 
1 
1 
1 
1 
1 
1 
1 
1 
1 
0.99869 
1 
1.00666 
1 
0.998737 
1 
1 
0.999827 
1 
1 
1 
1 
1 
1 
1 
1 
1 
1 
1 
1 
0.999224 
1 
1 
1 
1 
1 
1 
1 
1 
1 
1 
1 
1 
1 
1 
1 
1 
1 
1 
1 
1 
1 
1 
1 
1 
1 
1 
1 
1 
1 
1 
1 
1 
1 
1 
1 
1 
1 
1 
1 
1 
1 
1 
1 
1 
1 
1 
1 
1 
1 
1 
1 
1 
1 
1 
1 
1 
1 
1 
1 
1 
1 
1 
1 
1 
1 
1 
1 
1 
1 
1 
1 
1 
1 
1 
1 
1 
1 
1 
1 
1 
1 
1 
0.998861 
1 
1 
1 
1 
1 
1 
1 
1 
1 
1 
1 
1 
0.999224 
1 
1 
1 
1 
1 
1 
1 
0.998892 
1 
0.997539 
1 
1.00951 
1 
1 
1 
1 
0.999827 
0.999436 
1 
1 
1 
1 
1 
1 
0.999413 
1 
1 
0.998773 
0.998529 
1 
1 
1 
1 
1 
1 
1 
1 
1 
1 
1 
1 
1 
1 
1 
1 
1 
1 
1 
1 
1 
1 
1 
1 
1 
1 
1 
1 
1 
1 
1 
1 
1 
1 
1 
1 
1 
1 
1 
1 
1 
1 
1 
1 
1 
1 
1 
1 
1 
1 
1 
1 
1 
1 
1 
1 
1 
1 
1 
1 
1 
1 
1 
1 
1 
1 
1 
1 
1 
1 
1 
1 
1 
1 
1 
1 
1 
1 
1 
1 
1 
1 
1 
1 
1 
1 
1 
1 
1 
1 
1 
1 
0.999051 
1 
1 
0.99866 
1 
1 
1 
1 
1 
1 
0.999078 
1 
0.998892 
1 
0.998737 
1 
1.01236 
1 
1 
1 
1 
1 
0.999436 
1 
1 
1 
1 
0.999078 
1 
0.999413 
1 
1 
0.998773 
0.998529 
1 
1 
1 
1 
1 
1 
1 
1 
1 
1 
0.999584 
0.99841 
1 
1 
1 
1 
1 
1 
1 
1 
1 
1 
1 
1 
1 
1 
1 
1 
1 
1 
1 
1 
1 
1 
1 
1 
1 
1 
1 
1 
1 
1 
1 
1 
1 
1 
1 
1 
1 
1 
1 
1 
1 
1 
1 
1 
1 
1 
1 
1 
1 
1 
1 
1 
1 
1 
1 
1 
1 
1 
1 
1 
1 
1 
1 
1 
1 
1 
1 
1 
1 
1 
1 
0.999159 
0.998617 
1 
1 
1 
1 
1 
1 
1 
0.999051 
1 
1 
0.99866 
1 
1 
1 
1 
1 
1 
0.999078 
1 
1 
1 
1 
1 
1.00972 
1 
1 
1 
1 
1 
1 
1 
1 
1 
1 
0.999078 
1 
0.999796 
1 
1 
0.998847 
1 
1 
1 
1 
1 
1 
1 
1 
1 
1 
1 
0.999584 
0.99841 
1 
1 
1 
1 
1 
1 
1 
1 
1 
1 
1 
1 
1 
1 
1 
1 
1 
1 
1 
1 
1 
1 
1 
1 
1 
1 
1 
1 
1 
1 
1 
1 
1 
1 
1 
1 
1 
1 
1 
1 
1 
1 
1 
1 
1 
1 
1 
1 
1 
1 
1 
1 
1 
1 
1 
1 
1 
1 
1 
1 
1 
1 
1 
1 
1 
1 
1 
1 
1 
1 
1 
0.999159 
0.998617 
1 
1 
1 
1 
1 
1 
1 
1 
1 
1 
1 
1 
1 
1 
1 
1 
1 
1 
1 
1 
1 
1 
1 
1.00986 
1 
1 
1 
1 
1 
1 
1 
1 
1.00011 
0.998579 
1 
0.999105 
0.999796 
0.998699 
1 
0.997355 
0.998719 
1 
1 
1 
1 
1 
1 
1 
1 
1 
1 
1 
1 
1 
1 
1 
1 
1 
1 
1 
1 
1 
1 
1 
1 
1 
1 
1 
1 
1 
1 
1 
1 
1 
1 
1 
1 
1 
1 
1 
1 
1 
1 
1 
1 
1 
1 
1 
1 
1 
1 
1 
1 
1 
1 
1 
1 
1 
1 
1 
1 
1 
1 
1 
1 
1 
1 
1 
1 
1 
1 
1 
1 
1 
1 
1 
1 
1 
1 
0.998647 
1 
1 
1 
1 
1 
1 
1 
1 
1 
1 
1 
1 
1 
1 
1 
1 
0.999044 
1 
1 
1 
1 
1 
0.998975 
1 
0.999827 
1 
1 
1 
1 
1.01221 
1 
1 
0.998971 
1 
1 
0.999246 
0.999359 
1 
1.00011 
0.998579 
1 
0.999105 
1 
0.998699 
1 
0.998508 
0.998719 
1 
1 
1 
1 
1 
1 
1 
1 
1 
1 
1 
1 
1 
1 
1 
1 
1 
1 
1 
1 
1 
1 
1 
1 
1 
1 
1 
1 
1 
1 
1 
1 
1 
1 
1 
1 
1 
1 
1 
1 
1 
1 
1 
1 
1 
1 
1 
1 
1 
1 
1 
1 
1 
1 
1 
1 
1 
1 
1 
1 
1 
1 
1 
1 
1 
1 
1 
1 
1 
1 
1 
1 
1 
1 
1 
1 
1 
1 
0.998647 
1 
1 
1 
1 
1 
1 
1 
1 
1 
1 
1 
1 
1 
1 
1 
1 
0.999044 
1 
1 
1 
1 
1 
0.998975 
1 
0.999827 
1 
1 
1 
1 
18.0059 
1 
1 
0.998971 
1 
1 
0.999246 
0.999359 
1 
1 
1 
1 
1 
1 
1 
1 
1 
1 
1 
1 
1 
1 
1 
1 
1 
1 
1 
1 
1 
1 
1 
1 
1 
1 
1 
1 
1 
1 
1 
1 
1 
1 
1 
1 
1 
1 
1 
1 
1 
1 
1 
1 
1 
1 
1 
1 
1 
1 
1 
1 
1 
1 
1 
1 
1 
1 
1 
1 
1 
1 
1 
1 
1 
1 
1 
1 
1 
1 
1 
1 
1 
1 
1 
1 
1 
1 
1 
1 
1 
1 
1 
1 
1 
1 
1 
1 
1 
1 
1 
1 
1 
1 
1 
1 
1 
1 
1 
1 
1 
1 
1 
1 
1 
1 
1 
1 
0.998952 
1 
1 
1 
0.999436 
1 
1 
1 
1 
1 
18.0059 
1 
1 
0.99861 
1 
1 
1 
0.998776 
1 
1 
1 
1 
1 
1 
1 
1 
1 
1 
1 
1 
1 
1 
1 
1 
1 
1 
1 
1 
1 
1 
1 
1 
1 
1 
1 
1 
1 
1 
1 
1 
1 
1 
1 
1 
1 
1 
1 
1 
1 
1 
1 
1 
1 
1 
1 
1 
1 
1 
1 
1 
1 
1 
1 
1 
1 
1 
1 
1 
1 
1 
1 
1 
1 
1 
1 
1 
1 
1 
1 
1 
1 
1 
1 
1 
1 
1 
1 
1 
1 
1 
1 
1 
0.998419 
1 
1 
1 
1 
1 
1 
1 
1 
1 
1 
1 
1 
1 
1 
1 
1 
1 
1 
0.998626 
1 
1 
1 
1 
0.998201 
1 
1 
1 
0.999436 
1 
1 
0.998971 
1 
1 
1.01211 
1 
1 
0.99861 
0.998785 
1 
1 
0.998776 
1 
1 
1 
1 
1 
1 
1 
1 
1 
0.999784 
1 
1 
1 
1 
1 
1 
1 
1 
1 
1 
1 
1 
1 
1 
1 
1 
1 
1 
1 
1 
1 
1 
1 
1 
1 
1 
1 
1 
1 
1 
1 
1 
1 
1 
1 
1 
1 
1 
1 
1 
1 
1 
1 
1 
1 
1 
1 
1 
1 
1 
1 
1 
1 
1 
1 
1 
1 
1 
1 
1 
1 
1 
1 
1 
1 
1 
1 
1 
1 
1 
1 
1 
1 
1 
0.998419 
1 
1 
1 
1 
1 
1 
1 
1 
1 
1 
1 
1 
1 
1 
1 
1 
1 
1 
0.998626 
1 
1 
1 
1 
0.999248 
1 
1 
1 
1 
1 
1 
0.998971 
1 
1 
18.0062 
1 
1 
1 
0.998785 
1 
1 
1 
1 
1 
1 
1 
1 
1 
1 
1 
1 
0.999784 
1 
1 
1 
1 
1 
1 
1 
1 
1 
1 
1 
1 
1 
1 
1 
1 
1 
1 
1 
1 
1 
1 
1 
1 
1 
1 
1 
1 
1 
1 
1 
1 
1 
1 
1 
1 
1 
1 
1 
1 
1 
1 
1 
1 
1 
1 
1 
1 
1 
1 
1 
1 
1 
1 
1 
1 
1 
1 
1 
1 
1 
1 
1 
1 
1 
1 
1 
1 
1 
1 
1 
1 
1 
1 
1 
1 
1 
1 
1 
1 
1 
1 
1 
1 
1 
1 
1 
1 
1 
1 
1 
1 
1 
1 
0.998873 
1 
1 
1 
1 
1 
1 
1 
1 
1 
1 
0.99861 
1 
1 
18.0058 
1 
1 
0.999223 
0.999091 
1 
1 
1 
1 
1 
1 
1 
1 
1 
1 
1 
1 
1 
1 
1 
1 
1 
1 
1 
1 
1 
1 
1 
1 
1 
1 
1 
1 
1 
1 
1 
1 
1 
1 
1 
1 
1 
1 
1 
1 
1 
1 
1 
1 
1 
1 
1 
1 
1 
1 
1 
1 
1 
1 
1 
1 
1 
1 
1 
1 
1 
1 
1 
1 
1 
1 
1 
1 
1 
1 
1 
1 
1 
1 
1 
1 
1 
1 
1 
1 
1 
1 
1 
1 
1 
1 
0.998653 
1 
1 
1 
1 
1 
1 
1 
1 
1 
1 
1 
1 
1 
1 
1 
0.999626 
1 
0.999349 
1 
1 
0.998873 
1 
1 
1 
1 
1 
1 
1 
0.999246 
1 
1 
0.99861 
1 
1 
1.01177 
0.998841 
1 
0.999223 
0.999091 
1 
1 
1 
0.9993 
1 
1 
1 
0.99905 
1 
1 
1 
1 
1 
1 
1 
1 
1 
1 
1 
1 
1 
1 
1 
1 
1 
1 
1 
1 
1 
1 
1 
1 
1 
1 
1 
1 
1 
1 
1 
1 
1 
1 
1 
1 
1 
1 
1 
1 
1 
1 
1 
1 
1 
1 
1 
1 
1 
1 
1 
1 
1 
1 
1 
1 
1 
1 
1 
1 
1 
1 
1 
1 
1 
1 
1 
1 
1 
1 
1 
1 
1 
1 
1 
1 
1 
1 
0.998653 
1 
1 
1 
1 
1 
1 
1 
1 
1 
1 
1 
1 
1 
1 
1 
0.998695 
0.998862 
0.999349 
1 
1 
1 
1 
1 
1 
1 
1 
1 
0.999359 
0.999246 
1 
0.998785 
1 
1 
0.998841 
1.01177 
0.998841 
1 
0.999253 
1 
1 
1 
1 
0.9993 
1 
1 
1 
0.99905 
1 
1 
1 
1 
1 
1 
1 
1 
1 
1 
1 
1 
1 
1 
1 
1 
1 
1 
1 
1 
1 
1 
1 
1 
1 
1 
1 
1 
1 
1 
1 
1 
1 
1 
1 
1 
1 
1 
1 
1 
1 
1 
1 
1 
1 
1 
1 
1 
1 
1 
1 
1 
1 
1 
1 
1 
1 
1 
1 
1 
1 
1 
1 
1 
1 
1 
1 
1 
1 
1 
1 
1 
1 
1 
1 
1 
1 
1 
1 
1 
1 
1 
1 
1 
1 
1 
0.998887 
1 
1 
1 
1 
1 
1 
1 
0.999069 
0.998862 
0.998763 
1 
1 
1 
1 
1 
0.999078 
1 
1.00011 
1 
0.999359 
1 
1 
0.998785 
0.999223 
1 
0.998841 
1.01193 
0.998488 
1 
0.999253 
1 
1 
1 
0.999361 
1 
1 
1 
1 
1 
1 
1 
1 
1 
1 
1 
1 
1 
1 
1 
1 
1 
1 
1 
1 
1 
1 
1 
1 
1 
1 
1 
1 
1 
1 
1 
1 
1 
1 
1 
1 
1 
1 
1 
1 
1 
1 
1 
1 
1 
1 
1 
1 
1 
1 
1 
1 
1 
1 
1 
1 
1 
1 
1 
1 
1 
1 
1 
1 
1 
1 
1 
1 
1 
1 
1 
1 
1 
1 
1 
1 
1 
1 
1 
1 
1 
1 
1 
1 
1 
1 
1 
1 
1 
1 
1 
0.998887 
1 
1 
1 
1 
1 
1 
1 
1 
1 
0.998763 
1 
1 
1 
0.999413 
1 
0.999078 
0.998579 
1.00011 
1 
0.998776 
1 
1 
0.999091 
0.999223 
1 
0.998488 
1.01223 
0.998488 
1 
1 
0.999515 
1 
1 
0.999361 
1 
1 
1 
1 
1 
1 
1 
1 
1 
1 
1 
1 
1 
1 
1 
1 
1 
1 
1 
1 
1 
1 
1 
1 
1 
1 
1 
1 
1 
1 
1 
1 
1 
1 
1 
1 
1 
1 
1 
1 
1 
1 
1 
1 
1 
1 
1 
1 
1 
1 
1 
1 
1 
1 
1 
1 
1 
1 
1 
1 
1 
1 
1 
1 
1 
1 
1 
1 
1 
1 
1 
1 
1 
1 
1 
1 
1 
1 
1 
1 
0.999186 
1 
1 
1 
1 
1 
1 
1 
1 
1 
1 
1 
1 
1 
1 
1 
0.999049 
0.998197 
1 
1 
1 
1 
1 
1 
1 
0.999413 
1 
1 
0.998579 
1 
1 
0.998776 
1 
1 
0.999091 
0.999253 
1 
0.998488 
1.01254 
1 
1 
1 
0.999515 
1 
0.999784 
0.998129 
1 
1 
1 
1 
1 
1 
1 
1 
1 
1 
1 
1 
1 
1 
1 
1 
1 
1 
1 
1 
1 
1 
1 
1 
1 
1 
1 
1 
1 
1 
1 
1 
1 
1 
1 
1 
1 
1 
1 
1 
1 
1 
1 
1 
1 
1 
1 
1 
1 
1 
1 
1 
1 
1 
1 
1 
1 
1 
1 
1 
1 
1 
1 
1 
1 
1 
1 
1 
1 
1 
1 
1 
1 
1 
1 
1 
1 
1 
1 
1 
0.999186 
0.998475 
1 
1 
1 
1 
1 
0.998475 
1 
1 
1 
1 
1 
0.999783 
1 
1 
0.999049 
0.998197 
1 
1 
1 
1 
1 
1 
1 
0.999796 
0.999105 
1 
1 
1 
1 
1 
1 
1 
1 
0.999253 
1 
1 
1.01267 
1 
0.999505 
0.999505 
1 
0.999091 
0.999784 
0.998129 
1 
1 
1 
1 
1 
1 
1 
1 
1 
1 
1 
1 
1 
1 
1 
1 
1 
1 
1 
1 
1 
1 
1 
1 
1 
1 
1 
1 
1 
1 
1 
1 
1 
1 
1 
1 
1 
1 
1 
1 
1 
1 
1 
1 
1 
1 
1 
1 
1 
1 
1 
1 
1 
1 
1 
1 
1 
1 
1 
1 
1 
1 
1 
1 
1 
1 
1 
1 
1 
1 
1 
1 
1 
1 
1 
1 
1 
1 
1 
1 
1 
0.997276 
1 
1 
1 
1 
1 
0.998475 
1 
1 
1 
1 
1 
0.999783 
1 
1 
1 
1 
1 
1 
0.999224 
1 
0.998773 
1 
1 
0.999796 
0.999105 
1 
1 
1 
1 
1 
1 
1 
1 
1 
1 
1 
1.0096 
0.999866 
0.999505 
0.999505 
1 
0.999086 
1 
1 
1 
1 
1 
1 
1 
1 
1 
1 
1 
1 
1 
1 
1 
1 
1 
1 
1 
1 
1 
1 
1 
1 
1 
1 
1 
1 
1 
1 
1 
1 
1 
1 
1 
1 
1 
1 
1 
1 
1 
1 
1 
1 
1 
1 
1 
1 
1 
1 
1 
1 
1 
1 
1 
1 
1 
1 
1 
1 
1 
1 
1 
1 
1 
1 
1 
1 
1 
1 
1 
1 
1 
1 
1 
1 
1 
1 
1 
1 
1 
1 
0.998745 
0.998801 
1 
1 
1 
1 
1 
1 
1 
1 
1 
0.998947 
1 
1 
1 
1 
1 
1 
1 
1 
0.999224 
0.998529 
0.998773 
1 
0.998699 
1 
1 
1 
1 
1 
1 
1 
1 
1 
0.999515 
1 
0.999505 
0.999866 
1.00953 
0.999866 
1 
1 
1 
1 
1 
1 
1 
1 
1 
1 
1 
1 
1 
1 
1 
1 
1 
1 
1 
1 
1 
1 
1 
1 
1 
1 
1 
1 
1 
1 
1 
1 
1 
1 
1 
1 
1 
1 
1 
1 
1 
1 
1 
1 
1 
1 
1 
1 
1 
1 
1 
1 
1 
1 
1 
1 
1 
1 
1 
1 
1 
1 
1 
1 
1 
1 
1 
1 
1 
1 
1 
1 
1 
1 
1 
1 
1 
1 
1 
1 
1 
1 
1 
0.998638 
1 
1 
0.998745 
1 
1 
1 
1 
1 
1 
1 
1 
1 
1 
0.998947 
1 
0.998856 
1 
1 
1 
1 
1 
1 
1 
0.998529 
0.998847 
1 
0.998699 
1 
1 
1 
1 
1 
0.9993 
1 
1 
1 
0.999515 
0.999505 
0.999505 
0.999866 
1.01224 
1 
0.999185 
1 
0.999622 
1 
1 
1 
1 
1 
1 
1 
1 
1 
1 
1 
1 
1 
1 
1 
1 
1 
1 
1 
1 
1 
1 
1 
1 
1 
1 
1 
1 
1 
1 
1 
1 
1 
1 
1 
1 
1 
1 
1 
1 
1 
1 
1 
1 
1 
1 
1 
1 
1 
1 
1 
1 
1 
1 
1 
1 
1 
1 
1 
1 
1 
1 
1 
1 
1 
1 
1 
1 
1 
1 
1 
1 
1 
1 
1 
1 
1 
1 
1 
1 
0.998638 
1 
1 
1 
1 
1 
1 
0.998234 
1 
1 
1 
1 
1 
1 
1 
1 
0.998856 
1 
1 
1 
1 
1 
1 
1 
1 
0.997355 
1 
1 
1 
1 
1 
1 
1 
0.9993 
0.999361 
1 
1 
1 
0.999505 
1 
1 
1.01268 
0.998626 
0.997819 
1 
0.999622 
1 
1 
1 
1 
1 
1 
1 
1 
1 
1 
1 
1 
1 
1 
1 
1 
1 
1 
1 
1 
1 
1 
1 
1 
1 
1 
1 
1 
1 
1 
1 
1 
1 
1 
1 
1 
1 
1 
1 
1 
1 
1 
1 
1 
1 
1 
1 
1 
1 
1 
1 
1 
1 
1 
1 
1 
1 
1 
1 
1 
1 
1 
1 
1 
1 
1 
1 
1 
1 
1 
1 
1 
1 
1 
1 
1 
1 
1 
1 
1 
1 
1 
1 
1 
1 
1 
1 
0.998234 
1 
1 
1 
1 
1 
1 
0.998413 
1 
1 
1 
1 
1 
1 
1 
1 
1 
0.998719 
0.998508 
1 
1 
1 
1 
1 
1 
1 
1 
0.999361 
0.999784 
0.999091 
1 
1 
0.999185 
0.998626 
1.01282 
0.998626 
0.998634 
1 
1 
1 
1 
1 
1 
1 
1 
1 
1 
1 
1 
1 
1 
1 
1 
1 
1 
1 
1 
1 
1 
1 
1 
1 
1 
1 
1 
1 
1 
1 
1 
1 
1 
1 
1 
1 
1 
1 
1 
1 
1 
1 
1 
1 
1 
1 
1 
1 
1 
1 
1 
1 
1 
1 
1 
1 
1 
1 
1 
1 
1 
1 
1 
1 
1 
1 
1 
1 
1 
1 
1 
1 
1 
1 
1 
1 
1 
0.998376 
1 
1 
1 
1 
1 
1 
1 
1 
0.998806 
1 
1 
1 
1 
1 
1 
1 
1 
0.998413 
1 
1 
1 
1 
1 
1 
1 
1 
1 
0.998719 
1 
1 
1 
1 
1 
1 
1 
1 
1 
0.998129 
0.999784 
0.999086 
1 
1 
0.997819 
0.998626 
1.01288 
1 
1 
1 
1 
1 
1 
1 
1 
0.999365 
1 
1 
1 
1 
1 
1 
1 
1 
1 
1 
1 
1 
1 
1 
1 
1 
1 
1 
1 
1 
1 
1 
1 
1 
1 
1 
1 
1 
1 
1 
1 
1 
1 
1 
1 
1 
1 
1 
1 
1 
1 
1 
1 
1 
1 
1 
1 
1 
1 
1 
1 
1 
1 
1 
1 
1 
1 
1 
1 
1 
1 
1 
1 
1 
1 
1 
1 
1 
1 
0.999137 
1 
0.997239 
1 
1 
1 
1 
1 
1 
1 
1 
0.998806 
1 
1 
1 
1 
1 
1 
1 
1 
1 
1 
1 
1 
1 
1 
1 
1 
1 
1 
1 
1 
1 
1 
1 
0.99905 
1 
1 
1 
1 
0.998129 
1 
1 
0.999622 
1 
0.998634 
1 
1.01002 
1 
1 
1 
1 
1 
1 
1 
1 
0.999365 
1 
1 
1 
1 
1 
1 
1 
0.99872 
1 
1 
1 
1 
1 
1 
1 
1 
1 
1 
1 
1 
1 
1 
1 
1 
1 
1 
1 
1 
1 
1 
1 
1 
1 
1 
1 
1 
1 
1 
1 
1 
1 
1 
1 
1 
1 
1 
1 
1 
1 
1 
1 
0.999702 
1 
1 
1 
1 
1 
1 
1 
1 
1 
1 
1 
1 
1 
1 
1 
1 
1 
0.99818 
1 
0.998863 
1 
1 
1 
1 
1 
1 
1 
1 
1 
1 
1 
1 
1 
0.99863 
1 
1 
1 
1 
1 
1 
1 
1 
1 
1 
1 
1 
1 
1 
1 
1 
1 
1 
0.99905 
1 
1 
1 
1 
1 
1 
1 
0.999622 
1 
1 
1 
1.00954 
0.999288 
1 
1 
1 
0.998404 
1 
1 
1 
1 
1 
1 
1 
1 
1 
1 
0.998436 
0.99872 
1 
1 
1 
1 
1 
1 
1 
1 
1 
1 
1 
1 
1 
1 
1 
1 
1 
1 
1 
1 
1 
1 
1 
1 
1 
1 
1 
1 
1 
1 
1 
1 
1 
1 
1 
1 
1 
1 
1 
1 
1 
1 
1 
0.999702 
1 
1 
1 
1 
1 
0.999572 
1 
1 
1 
1 
1 
1 
1 
0.998197 
1 
1 
1 
0.999043 
1 
1 
1 
1 
1 
1 
1 
1 
1 
1 
1 
1 
1 
1 
0.999574 
0.99863 
1 
1 
1 
1 
1 
1 
1 
1 
1 
1 
1 
1 
1 
0.999784 
1 
1 
1 
1 
1 
1 
1 
1 
1 
1 
1 
1 
1 
1 
1 
0.999288 
1.01247 
0.999288 
1 
1 
1 
0.998404 
1 
0.998892 
1 
0.99886 
1 
1 
1 
1 
1 
1 
0.998436 
1 
1 
1 
1 
1 
1 
1 
1 
1 
1 
1 
1 
1 
1 
0.999649 
1 
1 
1 
1 
1 
1 
1 
1 
1 
1 
1 
1 
1 
1 
1 
1 
1 
1 
1 
1 
1 
1 
1 
1 
1 
1 
1 
1 
1 
1 
1 
1 
1 
1 
1 
0.999572 
1 
1 
0.999149 
1 
1 
1 
1 
0.998197 
1 
1 
1 
1 
1 
1 
1 
1 
1 
1 
1 
1 
1 
1 
1 
1 
1 
1 
0.999574 
1 
1 
1 
1 
1 
1 
1 
1 
1 
1 
1 
1 
1 
1 
0.999784 
1 
1 
1 
1 
1 
1 
1 
1 
1 
1 
1 
1 
1 
1 
1 
0.999288 
1.00958 
1 
0.999021 
1 
1 
1 
1 
0.998892 
1 
0.99886 
1 
1 
1 
1 
1 
1 
1 
1 
1 
1 
1 
1 
1 
1 
1 
1 
1 
1 
1 
1 
1 
0.999649 
1 
1 
1 
1 
1 
1 
1 
1 
1 
1 
1 
1 
1 
1 
1 
1 
1 
1 
1 
1 
1 
1 
1 
1 
1 
1 
1 
1 
1 
1 
1 
1 
1 
1 
1 
1 
1 
1 
0.999149 
1 
1 
1 
1 
1 
1 
1 
1 
1 
1 
1 
1 
1 
1 
1 
1 
1 
1 
1 
1 
1 
1 
1 
1 
1 
1 
1 
1 
1 
1 
1 
1 
1 
1 
1 
1 
1 
1 
1 
1 
1 
1 
1 
1 
1 
1 
1 
1 
1 
1 
1 
1 
1 
1 
1 
18.0033 
1 
0.999021 
1 
1 
1 
1 
1 
1 
1 
1 
1 
0.999325 
1 
1 
1 
1 
1 
1 
1 
1 
1 
1 
1 
1 
1 
1 
1 
1 
0.999274 
1 
1 
1 
1 
1 
1 
1 
1 
1 
1 
1 
1 
1 
1 
1 
1 
1 
1 
1 
1 
1 
1 
1 
1 
1 
1 
1 
1 
1 
1 
1 
1 
1 
1 
1 
1 
1 
1 
0.998655 
1 
1 
0.99968 
1 
1 
1 
1 
1 
1 
1 
1 
1 
1 
1 
1 
1 
1 
1 
1 
1 
1 
1 
1 
1 
0.999239 
1 
1 
1 
1 
1 
1 
1 
1 
1 
1 
1 
1 
1 
1 
1 
1 
1 
1 
1 
1 
1 
1 
1 
1 
1 
1 
1 
1 
1 
1 
0.999021 
1 
18.0059 
1 
1 
1 
0.998876 
1 
1 
1 
1 
1 
1 
1 
0.999325 
1 
0.99862 
1 
1 
1 
1 
1 
1 
1 
1 
1 
1 
1 
1 
1 
1 
0.999274 
1 
1 
1 
1 
1 
1 
1 
1 
1 
1 
1 
1 
1 
0.998813 
1 
1 
1 
1 
1 
1 
1 
1 
1 
1 
1 
1 
0.999427 
1 
1 
1 
1 
1 
1 
1 
1 
1 
1 
1 
0.998655 
1 
1 
0.99968 
1 
1 
0.998354 
1 
1 
1 
1 
1 
1 
1 
1 
1 
1 
1 
1 
1 
1 
1 
1 
1 
1 
0.999239 
1 
1 
1 
1 
1 
1 
1 
1 
1 
1 
1 
1 
1 
1 
1 
1 
1 
1 
1 
1 
1 
1 
1 
1 
1 
1 
1 
0.998404 
1 
1 
0.999021 
1 
1.01246 
1 
0.999848 
1 
0.998876 
1 
1 
1 
1 
1 
1 
1 
1 
1 
0.99862 
1 
1 
0.997892 
1 
1 
1 
1 
1 
1 
1 
1 
1 
1 
1 
1 
1 
1 
1 
1 
1 
1 
1 
1 
1 
1 
1 
1 
1 
0.998813 
1 
1 
1 
1 
0.999549 
1 
1 
1 
1 
1 
1 
1 
0.999427 
1 
1 
1 
1 
1 
1 
1 
1 
1 
1 
1 
1 
1 
1 
1 
1 
1 
0.998354 
1 
1 
1 
1 
1 
1 
1 
1 
1 
1 
0.998674 
1 
1 
1 
1 
1 
1 
1 
1 
1 
1 
1 
1 
0.999584 
1 
1 
1 
1 
1 
1 
1 
1 
1 
1 
