125 1
0.604901 
0.567971 
0.00673795 
0.603158 
0.597789 
0.588703 
0.485864 
0.370397 
0.00673795 
0.191089 
0.575849 
0.0744308 
0.604509 
0.123127 
0.538496 
0.449282 
0.336415 
0.207982 
0.593817 
0.38381 
0.0504928 
0.523425 
0.246672 
0.538116 
0.00673795 
0.153112 
0.574369 
0.366523 
0.443034 
0.147405 
0.571833 
0.582836 
0.00673795 
0.518595 
0.501515 
0.558683 
0.113432 
0.0820921 
0.219082 
0.395618 
0.241169 
0.354572 
0.600977 
0.557781 
0.0859689 
0.116925 
0.182479 
0.141692 
0.211682 
0.1777 
0.274597 
0.326213 
0.498701 
0.471317 
0.423393 
0.473999 
0.49692 
0.272936 
0.437562 
0.413907 
0.31064 
0.386997 
0.549146 
0.00673795 
0.00673795 
0.538085 
0.442583 
0.482422 
0.446819 
0.28913 
0.405034 
0.355753 
0.264665 
0.139267 
0.526036 
0.00673795 
0.00673795 
0.32828 
0.193936 
0.00673795 
0.512648 
0.0538711 
0.0819839 
0.297512 
0.46543 
0.353737 
0.34178 
0.497354 
0.0745638 
0.0979631 
0.474374 
0.186419 
0.498292 
0.179618 
0.12441 
0.38158 
0.243428 
0.446819 
0.00673795 
0.0870654 
0.413975 
0.00673795 
0.079819 
0.411131 
0.380678 
0.138515 
0.155814 
0.315336 
0.315072 
0.227541 
0.240297 
0.36862 
0.233952 
0.296131 
0.257673 
0.426847 
0.329713 
0.408525 
0.559041 
0.00673795 
0.519278 
0.266278 
0.0668732 
0.178165 
0.466304 
