198 1
0.00510025 
0.0102505 
0.0154508 
0.020701 
0.0260013 
0.0313515 
0.0367518 
0.042202 
0.0477023 
0.0532525 
0.0588528 
0.064503 
0.0702033 
0.0759535 
0.0817538 
0.087604 
0.0935043 
0.0994545 
0.105455 
0.111505 
0.117605 
0.123756 
0.129956 
0.136206 
0.142506 
0.148857 
0.155257 
0.161707 
0.168207 
0.174758 
0.181358 
0.188008 
0.194708 
0.201459 
0.208259 
0.215109 
0.222009 
0.22896 
0.23596 
0.24301 
0.25011 
0.257261 
0.264461 
0.271711 
0.279011 
0.286362 
0.293762 
0.301212 
0.308712 
0.316263 
0.323863 
0.331513 
0.339213 
0.346964 
0.354764 
0.362614 
0.370514 
0.378465 
0.386465 
0.394515 
0.402615 
0.410766 
0.418966 
0.427216 
0.435516 
0.443867 
0.452267 
0.460717 
0.469217 
0.477768 
0.486368 
0.495018 
0.503718 
0.512469 
0.521269 
0.530119 
0.539019 
0.54797 
0.55697 
0.56602 
0.57512 
0.584271 
0.593471 
0.602721 
0.612021 
0.621372 
0.630772 
0.640222 
0.649722 
0.659273 
0.668873 
0.678523 
0.688223 
0.697974 
0.707774 
0.717624 
0.727524 
0.737475 
0.747475 
0.757525 
0.767625 
0.777776 
0.787976 
0.798226 
0.808526 
0.818877 
0.829277 
0.839727 
0.850227 
0.860778 
0.871378 
0.882028 
0.892728 
0.903479 
0.914279 
0.925129 
0.936029 
0.94698 
0.95798 
0.96903 
0.98013 
0.991281 
1.00248 
1.01373 
1.02503 
1.03638 
1.04778 
1.05923 
1.07073 
1.08228 
1.09388 
1.10553 
1.11723 
1.12898 
1.14078 
1.15263 
1.16453 
1.17648 
1.18848 
1.20054 
1.21264 
1.22479 
1.23699 
1.24924 
1.26154 
1.27389 
1.28629 
1.29874 
1.31124 
1.32379 
1.33639 
1.34904 
1.36174 
1.37449 
1.38729 
1.40014 
1.41304 
1.42599 
1.43899 
1.45204 
1.46514 
1.47829 
1.49149 
1.50474 
1.51804 
1.53139 
1.54479 
1.55824 
1.57174 
1.58529 
1.59889 
1.61254 
1.62624 
1.63999 
1.65379 
1.66764 
1.68154 
1.69549 
1.70949 
1.72355 
1.73765 
1.7518 
1.766 
1.78025 
1.79455 
1.8089 
1.8233 
1.83775 
1.85225 
1.8668 
1.8814 
1.89605 
1.91075 
1.9255 
1.9403 
1.95515 
1.97005 
1.985 
