98 1
0.010402 
0.021004 
0.0318061 
0.0428081 
0.0540101 
0.0654121 
0.0770141 
0.0888162 
0.100818 
0.11302 
0.125422 
0.138024 
0.150826 
0.163828 
0.17703 
0.190432 
0.204034 
0.217836 
0.231838 
0.24604 
0.260442 
0.275044 
0.289846 
0.304848 
0.320051 
0.335453 
0.351055 
0.366857 
0.382859 
0.399061 
0.415463 
0.432065 
0.448867 
0.465869 
0.483071 
0.500473 
0.518075 
0.535877 
0.553879 
0.572081 
0.590483 
0.609085 
0.627887 
0.646889 
0.666091 
0.685493 
0.705095 
0.724897 
0.744899 
0.765101 
0.785503 
0.806105 
0.826907 
0.847909 
0.869111 
0.890513 
0.912115 
0.933917 
0.955919 
0.978121 
1.00052 
1.02313 
1.04593 
1.06893 
1.09213 
1.11553 
1.13914 
1.16294 
1.18694 
1.21114 
1.23554 
1.26015 
1.28495 
1.30995 
1.33515 
1.36055 
1.38616 
1.41196 
1.43796 
1.46416 
1.49056 
1.51717 
1.54397 
1.57097 
1.59817 
1.62557 
1.65318 
1.68098 
1.70898 
1.73718 
1.76558 
1.79419 
1.82299 
1.85199 
1.88119 
1.91059 
1.9402 
1.97 
