1000 2
-1 -10 
-0.958959 -9.42543 
-0.917918 -8.85085 
-0.876877 -8.27628 
-0.835836 -7.7017 
-0.794795 -7.12713 
-0.753754 -6.55255 
-0.712713 -5.97798 
-0.671672 -5.4034 
-0.630631 -4.82883 
-0.58959 -4.25425 
-0.548549 -3.67968 
-0.507508 -3.10511 
-0.466466 -2.53053 
-0.425425 -1.95596 
-0.384384 -1.38138 
-0.343343 -0.806807 
-0.302302 -0.232232 
-0.261261 0.342342 
-0.22022 0.916917 
-0.179179 1.49149 
-0.138138 2.06607 
-0.0970971 2.64064 
-0.0560561 3.21522 
-0.015015 3.78979 
0.026026 4.36436 
0.0670671 4.93894 
0.108108 5.51351 
0.149149 6.08809 
0.19019 6.66266 
0.231231 7.23724 
0.272272 7.81181 
0.313313 8.38639 
0.354354 8.96096 
0.395395 9.53554 
0.436436 10.1101 
0.477477 10.6847 
0.518519 11.2593 
0.55956 11.8338 
0.600601 12.4084 
0.641642 12.983 
0.682683 13.5576 
0.723724 14.1321 
0.764765 14.7067 
0.805806 15.2813 
0.846847 15.8559 
0.887888 16.4304 
0.928929 17.005 
0.96997 17.5796 
1.01101 18.1542 
1.05205 18.7287 
1.09309 19.3033 
1.13413 19.8779 
1.17518 20.4525 
1.21622 21.027 
1.25726 21.6016 
1.2983 22.1762 
1.33934 22.7508 
1.38038 23.3253 
1.42142 23.8999 
1.46246 24.4745 
1.5035 25.049 
1.54454 25.6236 
1.58559 26.1982 
1.62663 26.7728 
1.66767 27.3473 
1.70871 27.9219 
1.74975 28.4965 
1.79079 29.0711 
1.83183 29.6456 
1.87287 30.2202 
1.91391 30.7948 
1.95495 31.3694 
1.996 31.9439 
2.03704 32.5185 
2.07808 33.0931 
2.11912 33.6677 
2.16016 34.2422 
2.2012 34.8168 
2.24224 35.3914 
2.28328 35.966 
2.32432 36.5405 
2.36537 37.1151 
2.40641 37.6897 
2.44745 38.2643 
2.48849 38.8388 
2.52953 39.4134 
2.57057 39.988 
2.61161 40.5626 
2.65265 41.1371 
2.69369 41.7117 
2.73473 42.2863 
2.77578 42.8609 
2.81682 43.4354 
2.85786 44.01 
2.8989 44.5846 
2.93994 45.1592 
2.98098 45.7337 
3.02202 46.3083 
3.06306 46.8829 
3.1041 47.4575 
3.14515 48.032 
3.18619 48.6066 
3.22723 49.1812 
3.26827 49.7558 
3.30931 50.3303 
3.35035 50.9049 
3.39139 51.4795 
3.43243 52.0541 
3.47347 52.6286 
3.51451 53.2032 
3.55556 53.7778 
3.5966 54.3524 
3.63764 54.9269 
3.67868 55.5015 
3.71972 56.0761 
3.76076 56.6507 
3.8018 57.2252 
3.84284 57.7998 
3.88388 58.3744 
3.92492 58.9489 
3.96597 59.5235 
4.00701 60.0981 
4.04805 60.6727 
4.08909 61.2472 
4.13013 61.8218 
4.17117 62.3964 
4.21221 62.971 
4.25325 63.5455 
4.29429 64.1201 
4.33534 64.6947 
4.37638 65.2693 
4.41742 65.8438 
4.45846 66.4184 
4.4995 66.993 
4.54054 67.5676 
4.58158 68.1421 
4.62262 68.7167 
4.66366 69.2913 
4.7047 69.8659 
4.74575 70.4404 
4.78679 71.015 
4.82783 71.5896 
4.86887 72.1642 
4.90991 72.7387 
4.95095 73.3133 
4.99199 73.8879 
5.03303 74.4625 
5.07407 75.037 
5.11512 75.6116 
5.15616 76.1862 
5.1972 76.7608 
5.23824 77.3353 
5.27928 77.9099 
5.32032 78.4845 
5.36136 79.0591 
5.4024 79.6336 
5.44344 80.2082 
5.48448 80.7828 
5.52553 81.3574 
5.56657 81.9319 
5.60761 82.5065 
5.64865 83.0811 
5.68969 83.6557 
5.73073 84.2302 
5.77177 84.8048 
5.81281 85.3794 
5.85385 85.954 
5.89489 86.5285 
5.93594 87.1031 
5.97698 87.6777 
6.01802 88.2523 
6.05906 88.8268 
6.1001 89.4014 
6.14114 89.976 
6.18218 90.5506 
6.22322 91.1251 
6.26426 91.6997 
6.30531 92.2743 
6.34635 92.8488 
6.38739 93.4234 
6.42843 93.998 
6.46947 94.5726 
6.51051 95.1471 
6.55155 95.7217 
6.59259 96.2963 
6.63363 96.8709 
6.67467 97.4454 
6.71572 98.02 
6.75676 98.5946 
6.7978 99.1692 
6.83884 99.7437 
6.87988 100.318 
6.92092 100.893 
6.96196 101.467 
7.003 102.042 
7.04404 102.617 
7.08509 103.191 
7.12613 103.766 
7.16717 104.34 
7.20821 104.915 
7.24925 105.489 
7.29029 106.064 
7.33133 106.639 
7.37237 107.213 
7.41341 107.788 
7.45445 108.362 
7.4955 108.937 
7.53654 109.512 
7.57758 110.086 
7.61862 110.661 
7.65966 111.235 
7.7007 111.81 
7.74174 112.384 
7.78278 112.959 
7.82382 113.534 
7.86486 114.108 
7.90591 114.683 
7.94695 115.257 
7.98799 115.832 
8.02903 116.406 
8.07007 116.981 
8.11111 117.556 
8.15215 118.13 
8.19319 118.705 
8.23423 119.279 
8.27528 119.854 
8.31632 120.428 
8.35736 121.003 
8.3984 121.578 
8.43944 122.152 
8.48048 122.727 
8.52152 123.301 
8.56256 123.876 
8.6036 124.45 
8.64464 125.025 
8.68569 125.6 
8.72673 126.174 
8.76777 126.749 
8.80881 127.323 
8.84985 127.898 
8.89089 128.472 
8.93193 129.047 
8.97297 129.622 
9.01401 130.196 
9.05506 130.771 
9.0961 131.345 
9.13714 131.92 
9.17818 132.494 
9.21922 133.069 
9.26026 133.644 
9.3013 134.218 
9.34234 134.793 
9.38338 135.367 
9.42442 135.942 
9.46547 136.517 
9.50651 137.091 
9.54755 137.666 
9.58859 138.24 
9.62963 138.815 
9.67067 139.389 
9.71171 139.964 
9.75275 140.539 
9.79379 141.113 
9.83483 141.688 
9.87588 142.262 
9.91692 142.837 
9.95796 143.411 
9.999 143.986 
10.04 144.561 
10.0811 145.135 
10.1221 145.71 
10.1632 146.284 
10.2042 146.859 
10.2452 147.433 
10.2863 148.008 
10.3273 148.583 
10.3684 149.157 
10.4094 149.732 
10.4505 150.306 
10.4915 150.881 
10.5325 151.455 
10.5736 152.03 
10.6146 152.605 
10.6557 153.179 
10.6967 153.754 
10.7377 154.328 
10.7788 154.903 
10.8198 155.477 
10.8609 156.052 
10.9019 156.627 
10.9429 157.201 
10.984 157.776 
11.025 158.35 
11.0661 158.925 
11.1071 159.499 
11.1481 160.074 
11.1892 160.649 
11.2302 161.223 
11.2713 161.798 
11.3123 162.372 
11.3534 162.947 
11.3944 163.522 
11.4354 164.096 
11.4765 164.671 
11.5175 165.245 
11.5586 165.82 
11.5996 166.394 
11.6406 166.969 
11.6817 167.544 
11.7227 168.118 
11.7638 168.693 
11.8048 169.267 
11.8458 169.842 
11.8869 170.416 
11.9279 170.991 
11.969 171.566 
12.01 172.14 
12.0511 172.715 
12.0921 173.289 
12.1331 173.864 
12.1742 174.438 
12.2152 175.013 
12.2563 175.588 
12.2973 176.162 
12.3383 176.737 
12.3794 177.311 
12.4204 177.886 
12.4615 178.46 
12.5025 179.035 
12.5435 179.61 
12.5846 180.184 
12.6256 180.759 
12.6667 181.333 
12.7077 181.908 
12.7487 182.482 
12.7898 183.057 
12.8308 183.632 
12.8719 184.206 
12.9129 184.781 
12.954 185.355 
12.995 185.93 
13.036 186.505 
13.0771 187.079 
13.1181 187.654 
13.1592 188.228 
13.2002 188.803 
13.2412 189.377 
13.2823 189.952 
13.3233 190.527 
13.3644 191.101 
13.4054 191.676 
13.4464 192.25 
13.4875 192.825 
13.5285 193.399 
13.5696 193.974 
13.6106 194.549 
13.6517 195.123 
13.6927 195.698 
13.7337 196.272 
13.7748 196.847 
13.8158 197.421 
13.8569 197.996 
13.8979 198.571 
13.9389 199.145 
13.98 199.72 
14.021 200.294 
14.0621 200.869 
14.1031 201.443 
14.1441 202.018 
14.1852 202.593 
14.2262 203.167 
14.2673 203.742 
14.3083 204.316 
14.3493 204.891 
14.3904 205.465 
14.4314 206.04 
14.4725 206.615 
14.5135 207.189 
14.5546 207.764 
14.5956 208.338 
14.6366 208.913 
14.6777 209.487 
14.7187 210.062 
14.7598 210.637 
14.8008 211.211 
14.8418 211.786 
14.8829 212.36 
14.9239 212.935 
14.965 213.51 
15.006 214.084 
15.047 214.659 
15.0881 215.233 
15.1291 215.808 
15.1702 216.382 
15.2112 216.957 
15.2523 217.532 
15.2933 218.106 
15.3343 218.681 
15.3754 219.255 
15.4164 219.83 
15.4575 220.404 
15.4985 220.979 
15.5395 221.554 
15.5806 222.128 
15.6216 222.703 
15.6627 223.277 
15.7037 223.852 
15.7447 224.426 
15.7858 225.001 
15.8268 225.576 
15.8679 226.15 
15.9089 226.725 
15.9499 227.299 
15.991 227.874 
16.032 228.448 
16.0731 229.023 
16.1141 229.598 
16.1552 230.172 
16.1962 230.747 
16.2372 231.321 
16.2783 231.896 
16.3193 232.47 
16.3604 233.045 
16.4014 233.62 
16.4424 234.194 
16.4835 234.769 
16.5245 235.343 
16.5656 235.918 
16.6066 236.492 
16.6476 237.067 
16.6887 237.642 
16.7297 238.216 
16.7708 238.791 
16.8118 239.365 
16.8529 239.94 
16.8939 240.515 
16.9349 241.089 
16.976 241.664 
17.017 242.238 
17.0581 242.813 
17.0991 243.387 
17.1401 243.962 
17.1812 244.537 
17.2222 245.111 
17.2633 245.686 
17.3043 246.26 
17.3453 246.835 
17.3864 247.409 
17.4274 247.984 
17.4685 248.559 
17.5095 249.133 
17.5506 249.708 
17.5916 250.282 
17.6326 250.857 
17.6737 251.431 
17.7147 252.006 
17.7558 252.581 
17.7968 253.155 
17.8378 253.73 
17.8789 254.304 
17.9199 254.879 
17.961 255.453 
18.002 256.028 
18.043 256.603 
18.0841 257.177 
18.1251 257.752 
18.1662 258.326 
18.2072 258.901 
18.2482 259.475 
18.2893 260.05 
18.3303 260.625 
18.3714 261.199 
18.4124 261.774 
18.4535 262.348 
18.4945 262.923 
18.5355 263.497 
18.5766 264.072 
18.6176 264.647 
18.6587 265.221 
18.6997 265.796 
18.7407 266.37 
18.7818 266.945 
18.8228 267.52 
18.8639 268.094 
18.9049 268.669 
18.9459 269.243 
18.987 269.818 
19.028 270.392 
19.0691 270.967 
19.1101 271.542 
19.1512 272.116 
19.1922 272.691 
19.2332 273.265 
19.2743 273.84 
19.3153 274.414 
19.3564 274.989 
19.3974 275.564 
19.4384 276.138 
19.4795 276.713 
19.5205 277.287 
19.5616 277.862 
19.6026 278.436 
19.6436 279.011 
19.6847 279.586 
19.7257 280.16 
19.7668 280.735 
19.8078 281.309 
19.8488 281.884 
19.8899 282.458 
19.9309 283.033 
19.972 283.608 
20.013 284.182 
20.0541 284.757 
20.0951 285.331 
20.1361 285.906 
20.1772 286.48 
20.2182 287.055 
20.2593 287.63 
20.3003 288.204 
20.3413 288.779 
20.3824 289.353 
20.4234 289.928 
20.4645 290.503 
20.5055 291.077 
20.5465 291.652 
20.5876 292.226 
20.6286 292.801 
20.6697 293.375 
20.7107 293.95 
20.7518 294.525 
20.7928 295.099 
20.8338 295.674 
20.8749 296.248 
20.9159 296.823 
20.957 297.397 
20.998 297.972 
21.039 298.547 
21.0801 299.121 
21.1211 299.696 
21.1622 300.27 
21.2032 300.845 
21.2442 301.419 
21.2853 301.994 
21.3263 302.569 
21.3674 303.143 
21.4084 303.718 
21.4494 304.292 
21.4905 304.867 
21.5315 305.441 
21.5726 306.016 
21.6136 306.591 
21.6547 307.165 
21.6957 307.74 
21.7367 308.314 
21.7778 308.889 
21.8188 309.463 
21.8599 310.038 
21.9009 310.613 
21.9419 311.187 
21.983 311.762 
22.024 312.336 
22.0651 312.911 
22.1061 313.485 
22.1471 314.06 
22.1882 314.635 
22.2292 315.209 
22.2703 315.784 
22.3113 316.358 
22.3524 316.933 
22.3934 317.508 
22.4344 318.082 
22.4755 318.657 
22.5165 319.231 
22.5576 319.806 
22.5986 320.38 
22.6396 320.955 
22.6807 321.53 
22.7217 322.104 
22.7628 322.679 
22.8038 323.253 
22.8448 323.828 
22.8859 324.402 
22.9269 324.977 
22.968 325.552 
23.009 326.126 
23.0501 326.701 
23.0911 327.275 
23.1321 327.85 
23.1732 328.424 
23.2142 328.999 
23.2553 329.574 
23.2963 330.148 
23.3373 330.723 
23.3784 331.297 
23.4194 331.872 
23.4605 332.446 
23.5015 333.021 
23.5425 333.596 
23.5836 334.17 
23.6246 334.745 
23.6657 335.319 
23.7067 335.894 
23.7477 336.468 
23.7888 337.043 
23.8298 337.618 
23.8709 338.192 
23.9119 338.767 
23.953 339.341 
23.994 339.916 
24.035 340.49 
24.0761 341.065 
24.1171 341.64 
24.1582 342.214 
24.1992 342.789 
24.2402 343.363 
24.2813 343.938 
24.3223 344.513 
24.3634 345.087 
24.4044 345.662 
24.4454 346.236 
24.4865 346.811 
24.5275 347.385 
24.5686 347.96 
24.6096 348.535 
24.6507 349.109 
24.6917 349.684 
24.7327 350.258 
24.7738 350.833 
24.8148 351.407 
24.8559 351.982 
24.8969 352.557 
24.9379 353.131 
24.979 353.706 
25.02 354.28 
25.0611 354.855 
25.1021 355.429 
25.1431 356.004 
25.1842 356.579 
25.2252 357.153 
25.2663 357.728 
25.3073 358.302 
25.3483 358.877 
25.3894 359.451 
25.4304 360.026 
25.4715 360.601 
25.5125 361.175 
25.5536 361.75 
25.5946 362.324 
25.6356 362.899 
25.6767 363.473 
25.7177 364.048 
25.7588 364.623 
25.7998 365.197 
25.8408 365.772 
25.8819 366.346 
25.9229 366.921 
25.964 367.495 
26.005 368.07 
26.046 368.645 
26.0871 369.219 
26.1281 369.794 
26.1692 370.368 
26.2102 370.943 
26.2513 371.518 
26.2923 372.092 
26.3333 372.667 
26.3744 373.241 
26.4154 373.816 
26.4565 374.39 
26.4975 374.965 
26.5385 375.54 
26.5796 376.114 
26.6206 376.689 
26.6617 377.263 
26.7027 377.838 
26.7437 378.412 
26.7848 378.987 
26.8258 379.562 
26.8669 380.136 
26.9079 380.711 
26.9489 381.285 
26.99 381.86 
27.031 382.434 
27.0721 383.009 
27.1131 383.584 
27.1542 384.158 
27.1952 384.733 
27.2362 385.307 
27.2773 385.882 
27.3183 386.456 
27.3594 387.031 
27.4004 387.606 
27.4414 388.18 
27.4825 388.755 
27.5235 389.329 
27.5646 389.904 
27.6056 390.478 
27.6466 391.053 
27.6877 391.628 
27.7287 392.202 
27.7698 392.777 
27.8108 393.351 
27.8519 393.926 
27.8929 394.501 
27.9339 395.075 
27.975 395.65 
28.016 396.224 
28.0571 396.799 
28.0981 397.373 
28.1391 397.948 
28.1802 398.523 
28.2212 399.097 
28.2623 399.672 
28.3033 400.246 
28.3443 400.821 
28.3854 401.395 
28.4264 401.97 
28.4675 402.545 
28.5085 403.119 
28.5495 403.694 
28.5906 404.268 
28.6316 404.843 
28.6727 405.417 
28.7137 405.992 
28.7548 406.567 
28.7958 407.141 
28.8368 407.716 
28.8779 408.29 
28.9189 408.865 
28.96 409.439 
29.001 410.014 
29.042 410.589 
29.0831 411.163 
29.1241 411.738 
29.1652 412.312 
29.2062 412.887 
29.2472 413.461 
29.2883 414.036 
29.3293 414.611 
29.3704 415.185 
29.4114 415.76 
29.4525 416.334 
29.4935 416.909 
29.5345 417.483 
29.5756 418.058 
29.6166 418.633 
29.6577 419.207 
29.6987 419.782 
29.7397 420.356 
29.7808 420.931 
29.8218 421.506 
29.8629 422.08 
29.9039 422.655 
29.9449 423.229 
29.986 423.804 
30.027 424.378 
30.0681 424.953 
30.1091 425.528 
30.1502 426.102 
30.1912 426.677 
30.2322 427.251 
30.2733 427.826 
30.3143 428.4 
30.3554 428.975 
30.3964 429.55 
30.4374 430.124 
30.4785 430.699 
30.5195 431.273 
30.5606 431.848 
30.6016 432.422 
30.6426 432.997 
30.6837 433.572 
30.7247 434.146 
30.7658 434.721 
30.8068 435.295 
30.8478 435.87 
30.8889 436.444 
30.9299 437.019 
30.971 437.594 
31.012 438.168 
31.0531 438.743 
31.0941 439.317 
31.1351 439.892 
31.1762 440.466 
31.2172 441.041 
31.2583 441.616 
31.2993 442.19 
31.3403 442.765 
31.3814 443.339 
31.4224 443.914 
31.4635 444.488 
31.5045 445.063 
31.5455 445.638 
31.5866 446.212 
31.6276 446.787 
31.6687 447.361 
31.7097 447.936 
31.7508 448.511 
31.7918 449.085 
31.8328 449.66 
31.8739 450.234 
31.9149 450.809 
31.956 451.383 
31.997 451.958 
32.038 452.533 
32.0791 453.107 
32.1201 453.682 
32.1612 454.256 
32.2022 454.831 
32.2432 455.405 
32.2843 455.98 
32.3253 456.555 
32.3664 457.129 
32.4074 457.704 
32.4484 458.278 
32.4895 458.853 
32.5305 459.427 
32.5716 460.002 
32.6126 460.577 
32.6537 461.151 
32.6947 461.726 
32.7357 462.3 
32.7768 462.875 
32.8178 463.449 
32.8589 464.024 
32.8999 464.599 
32.9409 465.173 
32.982 465.748 
33.023 466.322 
33.0641 466.897 
33.1051 467.471 
33.1461 468.046 
33.1872 468.621 
33.2282 469.195 
33.2693 469.77 
33.3103 470.344 
33.3514 470.919 
33.3924 471.493 
33.4334 472.068 
33.4745 472.643 
33.5155 473.217 
33.5566 473.792 
33.5976 474.366 
33.6386 474.941 
33.6797 475.516 
33.7207 476.09 
33.7618 476.665 
33.8028 477.239 
33.8438 477.814 
33.8849 478.388 
33.9259 478.963 
33.967 479.538 
34.008 480.112 
34.049 480.687 
34.0901 481.261 
34.1311 481.836 
34.1722 482.41 
34.2132 482.985 
34.2543 483.56 
34.2953 484.134 
34.3363 484.709 
34.3774 485.283 
34.4184 485.858 
34.4595 486.432 
34.5005 487.007 
34.5415 487.582 
34.5826 488.156 
34.6236 488.731 
34.6647 489.305 
34.7057 489.88 
34.7467 490.454 
34.7878 491.029 
34.8288 491.604 
34.8699 492.178 
34.9109 492.753 
34.952 493.327 
34.993 493.902 
35.034 494.476 
35.0751 495.051 
35.1161 495.626 
35.1572 496.2 
35.1982 496.775 
35.2392 497.349 
35.2803 497.924 
35.3213 498.498 
35.3624 499.073 
35.4034 499.648 
35.4444 500.222 
35.4855 500.797 
35.5265 501.371 
35.5676 501.946 
35.6086 502.521 
35.6496 503.095 
35.6907 503.67 
35.7317 504.244 
35.7728 504.819 
35.8138 505.393 
35.8549 505.968 
35.8959 506.543 
35.9369 507.117 
35.978 507.692 
36.019 508.266 
36.0601 508.841 
36.1011 509.415 
36.1421 509.99 
36.1832 510.565 
36.2242 511.139 
36.2653 511.714 
36.3063 512.288 
36.3473 512.863 
36.3884 513.437 
36.4294 514.012 
36.4705 514.587 
36.5115 515.161 
36.5526 515.736 
36.5936 516.31 
36.6346 516.885 
36.6757 517.459 
36.7167 518.034 
36.7578 518.609 
36.7988 519.183 
36.8398 519.758 
36.8809 520.332 
36.9219 520.907 
36.963 521.481 
37.004 522.056 
37.045 522.631 
37.0861 523.205 
37.1271 523.78 
37.1682 524.354 
37.2092 524.929 
37.2503 525.504 
37.2913 526.078 
37.3323 526.653 
37.3734 527.227 
37.4144 527.802 
37.4555 528.376 
37.4965 528.951 
37.5375 529.526 
37.5786 530.1 
37.6196 530.675 
37.6607 531.249 
37.7017 531.824 
37.7427 532.398 
37.7838 532.973 
37.8248 533.548 
37.8659 534.122 
37.9069 534.697 
37.9479 535.271 
37.989 535.846 
38.03 536.42 
38.0711 536.995 
38.1121 537.57 
38.1532 538.144 
38.1942 538.719 
38.2352 539.293 
38.2763 539.868 
38.3173 540.442 
38.3584 541.017 
38.3994 541.592 
38.4404 542.166 
38.4815 542.741 
38.5225 543.315 
38.5636 543.89 
38.6046 544.464 
38.6456 545.039 
38.6867 545.614 
38.7277 546.188 
38.7688 546.763 
38.8098 547.337 
38.8509 547.912 
38.8919 548.486 
38.9329 549.061 
38.974 549.636 
39.015 550.21 
39.0561 550.785 
39.0971 551.359 
39.1381 551.934 
39.1792 552.509 
39.2202 553.083 
39.2613 553.658 
39.3023 554.232 
39.3433 554.807 
39.3844 555.381 
39.4254 555.956 
39.4665 556.531 
39.5075 557.105 
39.5485 557.68 
39.5896 558.254 
39.6306 558.829 
39.6717 559.403 
39.7127 559.978 
39.7538 560.553 
39.7948 561.127 
39.8358 561.702 
39.8769 562.276 
39.9179 562.851 
39.959 563.425 
40 564 
