125 125
9.566296520595209e-05 0 0 0 0 0 0 0 0 0 0 0 -5.348268247805517e-05 0 0 0 0 0 0 0 0 0 0 0 0 0 -4.218028272789693e-05 0 0 0 0 0 0 0 0 0 0 0 0 0 0 0 0 0 0 0 0 0 0 0 0 0 0 0 0 0 0 0 0 0 0 0 0 0 0 0 0 0 0 0 0 0 0 0 0 0 0 0 0 0 0 0 0 0 0 0 0 0 0 0 0 0 0 0 0 0 0 0 0 0 0 0 0 0 0 0 0 0 0 0 0 0 0 0 0 0 0 0 0 0 0 0 0 0 0
0 0.0001965485645949602 0 0 0 0 0 0 0 0 -4.893752111615334e-05 0 0 0 0 0 0 0 0 0 0 0 0 -8.052633743909734e-05 0 0 0 0 0 0 0 0 0 0 0 0 0 0 0 0 0 0 0 0 0 0 0 0 0 0 0 0 0 0 0 0 0 0 0 0 0 0 0 0 0 0 0 0 0 0 0 0 0 0 0 0 0 0 0 0 0 0 0 0 0 0 0 0 0 0 0 0 0 0 0 0 0 0 0 0 0 0 0 0 0 0 0 0 0 0 0 0 0 0 0 0 0 0 -6.708470603970952e-05 0 0 0 0 0 0
0 0 1 0 0 0 0 0 0 0 0 0 0 0 0 0 0 0 0 0 0 0 0 0 0 0 0 0 0 0 0 0 0 0 0 0 0 0 0 0 0 0 0 0 0 0 0 0 0 0 0 0 0 0 0 0 0 0 0 0 0 0 0 0 0 0 0 0 0 0 0 0 0 0 0 0 0 0 0 0 0 0 0 0 0 0 0 0 0 0 0 0 0 0 0 0 0 0 0 0 0 0 0 0 0 0 0 0 0 0 0 0 0 0 0 0 0 0 0 0 0 0 0 0 0
0 0 0 0.0001950593771559031 0 0 0 0 0 0 0 0 -4.935928501767264e-05 0 0 0 0 0 0 0 0 0 0 0 0 0 0 0 0 0 -8.120145956004609e-05 0 0 0 0 0 0 0 0 0 0 0 -6.449863257818438e-05 0 0 0 0 0 0 0 0 0 0 0 0 0 0 0 0 0 0 0 0 0 0 0 0 0 0 0 0 0 0 0 0 0 0 0 0 0 0 0 0 0 0 0 0 0 0 0 0 0 0 0 0 0 0 0 0 0 0 0 0 0 0 0 0 0 0 0 0 0 0 0 0 0 0 0 0 0 0 0 0 0 0
0 0 0 0 0.0002045124211336174 0 0 0 0 0 0 0 0 0 0 0 0 0 -7.072231393177304e-05 0 0 0 0 0 0 0 0 0 0 0 0 0 0 0 0 0 0 0 0 0 0 0 -6.981605916910363e-05 -6.397404803274069e-05 0 0 0 0 0 0 0 0 0 0 0 0 0 0 0 0 0 0 0 0 0 0 0 0 0 0 0 0 0 0 0 0 0 0 0 0 0 0 0 0 0 0 0 0 0 0 0 0 0 0 0 0 0 0 0 0 0 0 0 0 0 0 0 0 0 0 0 0 0 0 0 0 0 0 0 0 0 0 0 0 0
0 0 0 0 0 0.0002095329973229091 0 0 0 0 0 0 0 0 0 0 0 0 -7.952962095937507e-05 0 0 0 0 0 0 0 0 0 0 0 0 -3.635841352267419e-05 0 0 0 -9.364496284085983e-05 0 0 0 0 0 0 0 0 0 0 0 0 0 0 0 0 0 0 0 0 0 0 0 0 0 0 0 0 0 0 0 0 0 0 0 0 0 0 0 0 0 0 0 0 0 0 0 0 0 0 0 0 0 0 0 0 0 0 0 0 0 0 0 0 0 0 0 0 0 0 0 0 0 0 0 0 0 0 0 0 0 0 0 0 0 0 0 0 0
0 0 0 0 0 0 0.0003639264313403687 0 0 0 0 0 0 0 0 0 0 0 0 0 0 0 0 -6.569401558526748e-05 0 0 0 0 0 0 0 0 0 0 -8.46095796904726e-05 0 0 0 0 0 0 0 0 0 0 0 0 0 0 0 0 0 0 0 0 0 0 0 -9.325633666393054e-05 0 0 0 0 0 0 0 0 0 0 0 0 0 0 0 0 0 0 0 0 0 0 0 0 0 0 0 0 0 0 0 0 0 0 0 0 0 0 0 0 0 0 0 0 0 0 0 0 0 0 0 0 0 0 0 0 0 0 0 0 0 -3.968127202136697e-05 0 0 0 -8.068522737933112e-05
0 0 0 0 0 0 0 0.000383938604792117 0 0 0 0 0 0 0 0 0 0 0 -0.0001047522380678656 0 0 0 0 0 0 0 0 0 0 0 0 0 0 0 0 0 0 0 0 0 0 0 0 0 0 0 0 0 0 0 -8.412755464024828e-05 0 0 0 0 0 0 -2.780064007297501e-05 0 0 0 0 0 0 0 0 0 0 0 0 0 0 0 0 0 0 0 0 0 0 0 0 0 0 0 0 0 0 0 0 0 0 0 0 0 0 0 0 0 0 0 0 0 0 0 0 0 0 0 0 0 0 0 0 0 -7.527303457989504e-05 -9.198513743113304e-05 0 0 0 0 0 0 0
0 0 0 0 0 0 0 0 1 0 0 0 0 0 0 0 0 0 0 0 0 0 0 0 0 0 0 0 0 0 0 0 0 0 0 0 0 0 0 0 0 0 0 0 0 0 0 0 0 0 0 0 0 0 0 0 0 0 0 0 0 0 0 0 0 0 0 0 0 0 0 0 0 0 0 0 0 0 0 0 0 0 0 0 0 0 0 0 0 0 0 0 0 0 0 0 0 0 0 0 0 0 0 0 0 0 0 0 0 0 0 0 0 0 0 0 0 0 0 0 0 0 0 0 0
0 0 0 0 0 0 0 0 0 0.0003639331426080912 0 0 0 -7.040205184483643e-05 0 0 0 0 0 0 0 0 0 0 0 -5.630950874489282e-05 0 0 0 0 0 0 0 0 0 0 0 0 -6.92672057391516e-05 0 0 0 0 0 0 0 0 0 0 0 0 0 0 0 0 0 0 0 0 0 0 0 0 0 0 0 0 0 0 0 0 0 0 0 0 0 0 0 0 0 0 0 0 0 0 0 0 0 0 0 0 0 0 0 0 0 0 0 0 0 0 0 0 0 0 0 0 0 0 0 0 0 0 0 0 0 0 0 0 0 0 -8.119952560852257e-05 0 -8.675485067068774e-05 0
0 -4.893752111615334e-05 0 0 0 0 0 0 0 0 0.0002113705704417038 0 0 0 0 0 0 0 0 0 0 0 0 -6.912345718432539e-05 0 0 0 0 0 0 0 -8.18858656713389e-05 0 0 0 -1.142372646988612e-05 0 0 0 0 0 0 0 0 0 0 0 0 0 0 0 0 0 0 0 0 0 0 0 0 0 0 0 0 0 0 0 0 0 0 0 0 0 0 0 0 0 0 0 0 0 0 0 0 0 0 0 0 0 0 0 0 0 0 0 0 0 0 0 0 0 0 0 0 0 0 0 0 0 0 0 0 0 0 0 0 0 0 0 0 0 0 0 0 0
0 0 0 0 0 0 0 0 0 0 0 0.0001860229492582325 0 0 0 0 0 0 0 0 0 0 0 0 0 0 0 0 0 0 0 0 0 0 0 0 -8.279993601655272e-05 0 0 0 0 0 0 0 0 0 0 -2.784779467250095e-05 0 0 0 0 0 0 0 0 0 0 0 0 0 0 0 0 0 0 0 0 0 0 0 0 0 0 0 0 0 0 0 0 0 0 0 0 0 0 0 0 0 0 0 0 0 0 0 0 0 0 0 0 0 0 0 0 0 0 0 0 0 0 0 0 0 0 0 0 0 0 0 0 0 0 0 0 0
-5.348268247805517e-05 0 0 -4.935928501767264e-05 0 0 0 0 0 0 0 0 0.0001841708507526396 0 0 0 0 0 0 0 0 0 0 0 0 0 -3.370932409815993e-05 0 0 0 -4.761955915875182e-05 0 0 0 0 0 0 0 0 0 0 0 0 0 0 0 0 0 0 0 0 0 0 0 0 0 0 0 0 0 0 0 0 0 0 0 0 0 0 0 0 0 0 0 0 0 0 0 0 0 0 0 0 0 0 0 0 0 0 0 0 0 0 0 0 0 0 0 0 0 0 0 0 0 0 0 0 0 0 0 0 0 0 0 0 0 0 0 0 0 0 0 0 0 0
0 0 0 0 0 0 0 0 0 -7.040205184483643e-05 0 0 0 0.0003759896401026168 0 0 0 0 0 0 0 0 0 0 0 -5.630944974561538e-05 0 0 0 0 0 0 0 0 0 0 0 0 0 0 0 0 0 0 -6.930691517441461e-05 0 0 0 0 0 0 0 0 0 0 0 0 0 0 0 0 0 0 0 0 0 0 0 0 0 0 0 0 0 0 0 0 0 0 0 0 0 0 0 0 0 0 0 0 0 0 0 0 0 0 0 0 0 0 0 0 0 0 0 0 0 0 0 0 0 0 0 0 0 0 0 0 0 0 0 0 0 -0.0001240266939875186 -5.594452935023174e-05 0
0 0 0 0 0 0 0 0 0 0 0 0 0 0 0.0001857512096299419 0 0 0 0 0 0 0 0 0 0 0 -6.071018799494212e-05 0 0 0 -2.393001414649544e-05 0 0 -5.666620555024134e-05 0 0 0 0 0 0 0 0 0 0 0 0 0 0 0 0 0 0 0 0 0 0 -4.4444801938263e-05 0 0 0 0 0 0 0 0 0 0 0 0 0 0 0 0 0 0 0 0 0 0 0 0 0 0 0 0 0 0 0 0 0 0 0 0 0 0 0 0 0 0 0 0 0 0 0 0 0 0 0 0 0 0 0 0 0 0 0 0 0 0 0 0 0 0 0 0
0 0 0 0 0 0 0 0 0 0 0 0 0 0 0 0.0001702383611823645 0 0 0 0 0 0 0 0 0 0 0 0 0 0 0 0 0 0 0 0 0 0 0 -3.228068366803586e-05 0 0 0 0 0 0 0 0 0 0 0 0 0 0 -5.017883360516262e-05 -5.017883360516276e-05 -3.76000103040033e-05 0 0 0 0 0 0 0 0 0 0 0 0 0 0 0 0 0 0 0 0 0 0 0 0 0 0 0 0 0 0 0 0 0 0 0 0 0 0 0 0 0 0 0 0 0 0 0 0 0 0 0 0 0 0 0 0 0 0 0 0 0 0 0 0 0 0 0 0
0 0 0 0 0 0 0 0 0 0 0 0 0 0 0 0 0.0001741517198217756 0 0 0 0 0 0 0 0 0 0 -7.926675445755335e-05 0 0 0 0 0 0 0 0 0 0 0 -1.201006207683931e-05 0 0 0 0 0 0 0 0 0 0 0 0 0 0 0 0 0 -2.549903781577145e-05 0 0 -5.737586547161146e-05 0 0 0 0 0 0 0 0 0 0 0 0 0 0 0 0 0 0 0 0 0 0 0 0 0 0 0 0 0 0 0 0 0 0 0 0 0 0 0 0 0 0 0 0 0 0 0 0 0 0 0 0 0 0 0 0 0 0 0 0 0 0 0 0
0 0 0 0 0 0 0 0 0 0 0 0 0 0 0 0 0 0.0001690603412622076 0 0 0 0 0 0 0 0 0 0 0 0 0 0 0 0 0 0 0 0 0 0 -5.685001859625613e-05 0 0 0 0 0 0 -2.689550667648819e-05 0 -5.927666028274877e-05 0 0 0 0 0 0 0 -2.603815570671446e-05 0 0 0 0 0 0 0 0 0 0 0 0 0 0 0 0 0 0 0 0 0 0 0 0 0 0 0 0 0 0 0 0 0 0 0 0 0 0 0 0 0 0 0 0 0 0 0 0 0 0 0 0 0 0 0 0 0 0 0 0 0 0 0 0 0 0 0
0 0 0 0 -7.072231393177304e-05 -7.952962095937507e-05 0 0 0 0 0 0 0 0 0 0 0 0 0.0002200043750068859 0 0 0 0 0 0 0 0 0 0 0 0 0 0 0 0 -2.412724375551629e-05 0 0 0 0 0 0 0 -4.562519636022152e-05 0 0 0 0 0 0 0 0 0 0 0 0 0 0 0 0 0 0 0 0 0 0 0 0 0 0 0 0 0 0 0 0 0 0 0 0 0 0 0 0 0 0 0 0 0 0 0 0 0 0 0 0 0 0 0 0 0 0 0 0 0 0 0 0 0 0 0 0 0 0 0 0 0 0 0 0 0 0 0 0 0
0 0 0 0 0 0 0 -0.0001047522380678656 0 0 0 0 0 0 0 0 0 0 0 0.0003643957130157724 0 0 0 0 0 0 0 0 0 0 0 0 0 0 0 0 0 0 0 0 0 -5.716618425318887e-05 0 0 0 0 0 0 0 0 0 -5.639842654081678e-05 0 0 0 0 0 0 -8.151713075554433e-05 -6.456173339835678e-05 0 0 0 0 0 0 0 0 0 0 0 0 0 0 0 0 0 0 0 0 0 0 0 0 0 0 0 0 0 0 0 0 0 0 0 0 0 0 0 0 0 0 0 0 0 0 0 0 0 0 0 0 0 0 0 0 0 0 0 0 0 0 0 0 0
0 0 0 0 0 0 0 0 0 0 0 0 0 0 0 0 0 0 0 0 0.0003618417820997614 0 0 0 0 0 0 0 0 0 0 0 0 0 0 0 0 -6.136889077263104e-05 0 0 0 0 0 0 -6.31489949418532e-05 -5.630943832446549e-05 0 0 0 0 0 0 0 0 0 0 0 0 0 0 0 0 0 0 0 0 0 0 0 0 0 0 0 0 0 0 0 0 0 0 0 0 0 0 0 0 0 0 0 0 0 0 0 0 0 0 0 0 0 0 0 0 0 0 0 0 0 0 0 0 0 0 0 0 0 0 0 0 0 0 0 0 0 0 0
0 0 0 0 0 0 0 0 0 0 0 0 0 0 0 0 0 0 0 0 0 0.0003634384980739032 0 0 0 0 0 0 0 0 0 0 0 0 -5.549400354207943e-05 -7.833940937533506e-05 0 0 0 0 0 0 0 -9.209567059035822e-05 0 0 0 0 0 0 0 0 -8.965582663245542e-05 -4.785358793367518e-05 0 0 0 0 0 0 0 0 0 0 0 0 0 0 0 0 0 0 0 0 0 0 0 0 0 0 0 0 0 0 0 0 0 0 0 0 0 0 0 0 0 0 0 0 0 0 0 0 0 0 0 0 0 0 0 0 0 0 0 0 0 0 0 0 0 0 0 0 0 0 0
0 0 0 0 0 0 0 0 0 0 0 0 0 0 0 0 0 0 0 0 0 0 0.0003753893856829625 0 0 0 0 0 0 0 0 0 0 0 0 0 0 0 -9.611217087856366e-05 0 0 0 0 0 0 0 -5.63091589582694e-05 0 -5.631157872897736e-05 0 -9.724394613676522e-05 -6.941253098038686e-05 0 0 0 0 0 0 0 0 0 0 0 0 0 0 0 0 0 0 0 0 0 0 0 0 0 0 0 0 0 0 0 0 0 0 0 0 0 0 0 0 0 0 0 0 0 0 0 0 0 0 0 0 0 0 0 0 0 0 0 0 0 0 0 0 0 0 0 0 0 0 0 0 0
0 -8.052633743909734e-05 0 0 0 0 -6.569401558526748e-05 0 0 0 -6.912345718432539e-05 0 0 0 0 0 0 0 0 0 0 0 0 0.0003562305039155568 0 0 0 0 0 0 0 0 0 0 -4.899228670784528e-05 -2.850304689075732e-05 0 0 0 0 0 0 0 0 0 0 0 0 0 0 0 0 0 0 0 0 0 0 0 0 0 0 0 0 0 0 0 0 0 0 0 0 0 0 0 0 0 0 0 0 0 0 0 0 0 0 0 0 0 0 0 0 0 0 0 0 0 0 0 0 0 0 0 0 0 0 0 0 0 0 0 0 0 0 0 0 0 0 -2.065781725766781e-05 0 -4.27335428505961e-05 0 0 0 0
0 0 0 0 0 0 0 0 0 0 0 0 0 0 0 0 0 0 0 0 0 0 0 0 1 0 0 0 0 0 0 0 0 0 0 0 0 0 0 0 0 0 0 0 0 0 0 0 0 0 0 0 0 0 0 0 0 0 0 0 0 0 0 0 0 0 0 0 0 0 0 0 0 0 0 0 0 0 0 0 0 0 0 0 0 0 0 0 0 0 0 0 0 0 0 0 0 0 0 0 0 0 0 0 0 0 0 0 0 0 0 0 0 0 0 0 0 0 0 0 0 0 0 0 0
0 0 0 0 0 0 0 0 0 -5.630950874489282e-05 0 0 0 -5.630944974561538e-05 0 0 0 0 0 0 0 0 0 0 0 0.0003378568241925805 0 0 0 0 0 0 0 0 0 0 0 0 -5.63095332652027e-05 0 0 0 0 0 -5.630937666770518e-05 -5.630946128139572e-05 -5.630949448776867e-05 0 0 0 0 0 0 0 0 0 0 0 0 0 0 0 0 0 0 0 0 0 0 0 0 0 0 0 0 0 0 0 0 0 0 0 0 0 0 0 0 0 0 0 0 0 0 0 0 0 0 0 0 0 0 0 0 0 0 0 0 0 0 0 0 0 0 0 0 0 0 0 0 0 0 0 0 0 0
-4.218028272789693e-05 0 0 0 0 0 0 0 0 0 0 0 -3.370932409815993e-05 0 -6.071018799494212e-05 0 0 0 0 0 0 0 0 0 0 0 0.0001862951099853115 0 0 0 -4.969531516431254e-05 0 0 0 0 0 0 0 0 0 0 0 0 0 0 0 0 0 0 0 0 0 0 0 0 0 0 0 0 0 0 0 0 0 0 0 0 0 0 0 0 0 0 0 0 0 0 0 0 0 0 0 0 0 0 0 0 0 0 0 0 0 0 0 0 0 0 0 0 0 0 0 0 0 0 0 0 0 0 0 0 0 0 0 0 0 0 0 0 0 0 0 0 0 0
0 0 0 0 0 0 0 0 0 0 0 0 0 0 0 0 -7.926675445755335e-05 0 0 0 0 0 0 0 0 0 0 0.0003661730482433371 0 0 0 0 0 0 0 0 0 0 0 -8.154365381942471e-05 0 0 0 0 0 0 0 0 0 0 0 0 0 0 -4.851660746590147e-05 0 0 0 0 0 -7.800572733806035e-05 -7.884030516239723e-05 0 0 0 0 0 0 0 0 0 0 0 0 0 0 0 0 0 0 0 0 0 0 0 0 0 0 0 0 0 0 0 0 0 0 0 0 0 0 0 0 0 0 0 0 0 0 0 0 0 0 0 0 0 0 0 0 0 0 0 0 0 0 0
0 0 0 0 0 0 0 0 0 0 0 0 0 0 0 0 0 0 0 0 0 0 0 0 0 0 0 0 0.0003400457091538645 0 0 0 0 0 0 0 0 0 0 0 0 0 0 0 0 0 0 0 0 0 0 0 -5.568020514784502e-05 -5.58139300016317e-05 -7.27920422299766e-05 -4.572485907448447e-05 0 0 0 -5.580521580007114e-05 0 -5.422945689985558e-05 0 0 0 0 0 0 0 0 0 0 0 0 0 0 0 0 0 0 0 0 0 0 0 0 0 0 0 0 0 0 0 0 0 0 0 0 0 0 0 0 0 0 0 0 0 0 0 0 0 0 0 0 0 0 0 0 0 0 0 0 0 0 0
0 0 0 0 0 0 0 0 0 0 0 0 0 0 0 0 0 0 0 0 0 0 0 0 0 0 0 0 0 0.0003378570708305099 0 0 0 0 0 0 -5.619391168518878e-05 -5.630952408101583e-05 0 0 0 0 0 0 0 -5.630956933702274e-05 -5.630956708632863e-05 0 -5.628648624070939e-05 -5.644801240024447e-05 0 0 0 0 0 0 0 0 0 0 0 0 0 0 0 0 0 0 0 0 0 0 0 0 0 0 0 0 0 0 0 0 0 0 0 0 0 0 0 0 0 0 0 0 0 0 0 0 0 0 0 0 0 0 0 0 0 0 0 0 0 0 0 0 0 0 0 0 0 0 0 0 0 0 0
0 0 0 -8.120145956004609e-05 0 0 0 0 0 0 0 0 -4.761955915875182e-05 0 -2.393001414649544e-05 0 0 0 0 0 0 0 0 0 0 0 -4.969531516431254e-05 0 0 0 0.0003531844370891024 0 0 -7.063369075337693e-05 0 0 0 0 0 0 0 0 -3.375306060380905e-05 -4.635133770231047e-05 0 0 0 0 0 0 0 0 0 0 0 0 0 0 0 0 0 0 0 0 0 0 0 0 0 0 0 0 0 0 0 0 0 0 0 0 0 0 0 0 0 0 0 0 0 0 0 0 0 0 0 0 0 0 0 0 0 0 0 0 0 0 0 0 0 0 0 0 0 0 0 0 0 0 0 0 0 0 0 0 0
0 0 0 0 0 -3.635841352267419e-05 0 0 0 0 -8.18858656713389e-05 0 0 0 0 0 0 0 0 0 0 0 0 0 0 0 0 0 0 0 0 0.0002117657610028344 0 0 0 -9.352148180882128e-05 0 0 0 0 0 0 0 0 0 0 0 0 0 0 0 0 0 0 0 0 0 0 0 0 0 0 0 0 0 0 0 0 0 0 0 0 0 0 0 0 0 0 0 0 0 0 0 0 0 0 0 0 0 0 0 0 0 0 0 0 0 0 0 0 0 0 0 0 0 0 0 0 0 0 0 0 0 0 0 0 0 0 0 0 0 0 0 0 0
0 0 0 0 0 0 0 0 0 0 0 0 0 0 0 0 0 0 0 0 0 0 0 0 0 0 0 0 0 0 0 0 1 0 0 0 0 0 0 0 0 0 0 0 0 0 0 0 0 0 0 0 0 0 0 0 0 0 0 0 0 0 0 0 0 0 0 0 0 0 0 0 0 0 0 0 0 0 0 0 0 0 0 0 0 0 0 0 0 0 0 0 0 0 0 0 0 0 0 0 0 0 0 0 0 0 0 0 0 0 0 0 0 0 0 0 0 0 0 0 0 0 0 0 0
0 0 0 0 0 0 0 0 0 0 0 0 0 0 -5.666620555024134e-05 0 0 0 0 0 0 0 0 0 0 0 0 0 0 0 -7.063369075337693e-05 0 0 0.0003495056966986086 0 0 0 0 0 0 0 0 0 -2.764893432169553e-05 0 0 0 0 0 0 0 0 -6.726768889540257e-05 0 0 -8.177580847839069e-05 -4.551336869950162e-05 0 0 0 0 0 0 0 0 0 0 0 0 0 0 0 0 0 0 0 0 0 0 0 0 0 0 0 0 0 0 0 0 0 0 0 0 0 0 0 0 0 0 0 0 0 0 0 0 0 0 0 0 0 0 0 0 0 0 0 0 0 0 0 0 0 0 0 0
0 0 0 0 0 0 -8.46095796904726e-05 0 0 0 0 0 0 0 0 0 0 0 0 0 0 -5.549400354207943e-05 0 -4.899228670784528e-05 0 0 0 0 0 0 0 0 0 0 0.0003600091860407937 -4.828775941640692e-05 0 0 0 0 0 0 0 0 0 0 0 0 0 0 0 0 0 -0.0001006316928785521 0 0 0 0 -2.199386380543737e-05 0 0 0 0 0 0 0 0 0 0 0 0 0 0 0 0 0 0 0 0 0 0 0 0 0 0 0 0 0 0 0 0 0 0 0 0 0 0 0 0 0 0 0 0 0 0 0 0 0 0 0 0 0 0 0 0 0 0 0 0 0 0 0 0 0 0
0 0 0 0 0 -9.364496284085983e-05 0 0 0 0 -1.142372646988612e-05 0 0 0 0 0 0 0 -2.412724375551629e-05 0 0 -7.833940937533506e-05 0 -2.850304689075732e-05 0 0 0 0 0 0 0 -9.352148180882128e-05 0 0 -4.828775941640692e-05 0.0003832510331135838 0 0 0 0 0 0 0 -5.403402556000951e-06 0 0 0 0 0 0 0 0 0 0 0 0 0 0 0 0 0 0 0 0 0 0 0 0 0 0 0 0 0 0 0 0 0 0 0 0 0 0 0 0 0 0 0 0 0 0 0 0 0 0 0 0 0 0 0 0 0 0 0 0 0 0 0 0 0 0 0 0 0 0 0 0 0 0 0 0 0 0 0 0 0
0 0 0 0 0 0 0 0 0 0 0 -8.279993601655272e-05 0 0 0 0 0 0 0 0 0 0 0 0 0 0 0 0 0 -5.619391168518878e-05 0 0 0 0 0 0 0.0003634862123637442 -9.17753927914792e-05 0 0 0 0 0 0 0 0 0 -6.276140052742063e-05 0 -5.78296238989124e-05 0 0 0 0 0 0 0 0 0 0 0 0 0 0 0 0 0 0 0 0 0 0 0 0 0 0 0 0 0 0 0 0 0 0 0 0 0 0 0 0 0 0 0 0 0 0 0 0 0 0 0 0 0 0 0 0 0 0 0 0 0 0 0 0 0 0 0 0 0 0 0 0 0 0 0
0 0 0 0 0 0 0 0 0 0 0 0 0 0 0 0 0 0 0 0 -6.136889077263104e-05 0 0 0 0 0 0 0 0 -5.630952408101583e-05 0 0 0 0 0 0 -9.17753927914792e-05 0.0003530330596849353 0 0 0 0 0 0 0 -5.630937840516066e-05 0 0 0 0 0 0 0 0 0 0 0 0 0 0 0 0 0 0 0 0 0 0 0 0 0 0 0 0 0 0 0 0 0 0 0 0 0 0 0 0 0 0 0 0 0 0 0 0 0 0 0 0 0 0 0 0 0 0 0 0 0 0 0 0 0 0 0 0 0 0 0 0 0 0 0 0 0 0 0
0 0 0 0 0 0 0 0 0 -6.92672057391516e-05 0 0 0 0 0 0 0 0 0 0 0 0 -9.611217087856366e-05 0 0 -5.63095332652027e-05 0 0 0 0 0 0 0 0 0 0 0 0 0.0003643080296711783 0 0 0 0 0 0 0 -5.630911714034937e-05 0 0 0 0 -1.651021623173521e-05 0 0 0 0 0 0 0 0 0 0 0 0 0 0 0 0 0 0 0 0 0 0 0 0 0 0 0 0 0 0 0 0 0 0 0 0 0 0 0 0 0 0 0 0 0 0 0 0 0 0 0 0 0 0 0 0 0 0 0 0 0 0 0 0 0 0 0 0 0 -6.979978641617581e-05 0 0 0
0 0 0 0 0 0 0 0 0 0 0 0 0 0 0 -3.228068366803586e-05 -1.201006207683931e-05 0 0 0 0 0 0 0 0 0 0 -8.154365381942471e-05 0 0 0 0 0 0 0 0 0 0 0 0.000174479085731493 0 0 0 0 0 0 0 0 0 0 0 0 0 0 -4.864468616719308e-05 0 0 0 0 0 0 0 0 0 0 0 0 0 0 0 0 0 0 0 0 0 0 0 0 0 0 0 0 0 0 0 0 0 0 0 0 0 0 0 0 0 0 0 0 0 0 0 0 0 0 0 0 0 0 0 0 0 0 0 0 0 0 0 0 0 0 0 0 0 0
0 0 0 0 0 0 0 0 0 0 0 0 0 0 0 0 0 -5.685001859625613e-05 0 0 0 0 0 0 0 0 0 0 0 0 0 0 0 0 0 0 0 0 0 0 0.0003393329414615867 0 0 0 0 0 0 0 -5.634402502407528e-05 -5.644726688748008e-05 -6.338168100941025e-05 0 0 0 0 0 0 -6.294663188352203e-05 0 0 -4.336331806084288e-05 0 0 0 0 0 0 0 0 0 0 0 0 0 0 0 0 0 0 0 0 0 0 0 0 0 0 0 0 0 0 0 0 0 0 0 0 0 0 0 0 0 0 0 0 0 0 0 0 0 0 0 0 0 0 0 0 0 0 0 0 0 0 0 0
0 0 0 0 0 0 0 0 0 0 0 0 0 0 0 0 0 0 0 -5.716618425318887e-05 0 0 0 0 0 0 0 0 0 0 0 0 0 0 0 0 0 0 0 0 0 0.0003669393334993614 0 0 0 0 0 0 0 0 -6.424268400140128e-05 -8.415079059012841e-05 0 0 0 0 0 0 0 -5.619154878182976e-05 -1.168425051399688e-05 -9.350387535881618e-05 0 0 0 0 0 0 0 0 0 0 0 0 0 0 0 0 0 0 0 0 0 0 0 0 0 0 0 0 0 0 0 0 0 0 0 0 0 0 0 0 0 0 0 0 0 0 0 0 0 0 0 0 0 0 0 0 0 0 0 0 0 0 0
0 0 0 -6.449863257818438e-05 -6.981605916910363e-05 0 0 0 0 0 0 0 0 0 0 0 0 0 0 0 0 0 0 0 0 0 0 0 0 0 -3.375306060380905e-05 0 0 0 0 0 0 0 0 0 0 0 0.0002039981025541381 -3.593035020304105e-05 0 0 0 0 0 0 0 0 0 0 0 0 0 0 0 0 0 0 0 0 0 0 0 0 0 0 0 0 0 0 0 0 0 0 0 0 0 0 0 0 0 0 0 0 0 0 0 0 0 0 0 0 0 0 0 0 0 0 0 0 0 0 0 0 0 0 0 0 0 0 0 0 0 0 0 0 0 0 0 0 0
0 0 0 0 -6.397404803274069e-05 0 0 0 0 0 0 0 0 0 0 0 0 0 -4.562519636022152e-05 0 0 -9.209567059035822e-05 0 0 0 0 0 0 0 0 -4.635133770231047e-05 0 0 -2.764893432169553e-05 0 -5.403402556000951e-06 0 0 0 0 0 0 -3.593035020304105e-05 0.0003536615352993557 0 0 0 0 0 0 0 0 -3.66325955329874e-05 0 0 0 0 0 0 0 0 0 0 0 0 0 0 0 0 0 0 0 0 0 0 0 0 0 0 0 0 0 0 0 0 0 0 0 0 0 0 0 0 0 0 0 0 0 0 0 0 0 0 0 0 0 0 0 0 0 0 0 0 0 0 0 0 0 0 0 0 0 0 0 0
0 0 0 0 0 0 0 0 0 0 0 0 0 -6.930691517441461e-05 0 0 0 0 0 0 -6.31489949418532e-05 0 0 0 0 -5.630937666770518e-05 0 0 0 0 0 0 0 0 0 0 0 0 0 0 0 0 0 0 0.0003391620318137578 -5.630953922992314e-05 0 0 0 0 0 0 0 0 0 0 0 0 0 0 0 0 0 0 0 0 0 0 0 0 0 0 0 0 0 0 0 0 0 0 0 0 0 0 0 0 0 0 0 0 0 0 0 0 0 0 0 0 0 0 0 0 0 0 0 0 0 0 0 0 0 0 0 0 0 0 0 0 0 0 0 0 -2.653523317148389e-05 0 0
0 0 0 0 0 0 0 0 0 0 0 0 0 0 0 0 0 0 0 0 -5.630943832446549e-05 0 0 0 0 -5.630946128139572e-05 0 0 0 -5.630956933702274e-05 0 0 0 0 0 0 0 -5.630937840516066e-05 0 0 0 0 0 0 -5.630953922992314e-05 0.0003378568241927818 -5.630943761481405e-05 0 0 0 0 0 0 0 0 0 0 0 0 0 0 0 0 0 0 0 0 0 0 0 0 0 0 0 0 0 0 0 0 0 0 0 0 0 0 0 0 0 0 0 0 0 0 0 0 0 0 0 0 0 0 0 0 0 0 0 0 0 0 0 0 0 0 0 0 0 0 0 0 0 0 0 0 0 0
0 0 0 0 0 0 0 0 0 0 0 0 0 0 0 0 0 0 0 0 0 0 -5.63091589582694e-05 0 0 -5.630949448776867e-05 0 0 0 -5.630956708632863e-05 0 0 0 0 0 0 0 0 -5.630911714034937e-05 0 0 0 0 0 0 -5.630943761481405e-05 0.0003378568242356353 0 -5.631004894810525e-05 0 0 0 0 0 0 0 0 0 0 0 0 0 0 0 0 0 0 0 0 0 0 0 0 0 0 0 0 0 0 0 0 0 0 0 0 0 0 0 0 0 0 0 0 0 0 0 0 0 0 0 0 0 0 0 0 0 0 0 0 0 0 0 0 0 0 0 0 0 0 0 0 0 0 0 0
0 0 0 0 0 0 0 0 0 0 0 -2.784779467250095e-05 0 0 0 0 0 -2.689550667648819e-05 0 0 0 0 0 0 0 0 0 0 0 0 0 0 0 0 0 0 -6.276140052742063e-05 0 0 0 0 0 0 0 0 0 0 0.0001692648663975543 0 -5.176016452114454e-05 0 0 0 0 0 0 0 0 0 0 0 0 0 0 0 0 0 0 0 0 0 0 0 0 0 0 0 0 0 0 0 0 0 0 0 0 0 0 0 0 0 0 0 0 0 0 0 0 0 0 0 0 0 0 0 0 0 0 0 0 0 0 0 0 0 0 0 0 0 0 0 0 0 0 0
0 0 0 0 0 0 0 0 0 0 0 0 0 0 0 0 0 0 0 0 0 0 -5.631157872897736e-05 0 0 0 0 0 0 -5.628648624070939e-05 0 0 0 0 0 0 0 0 0 0 -5.634402502407528e-05 0 0 0 0 0 -5.631004894810525e-05 0 0.0003378570038824404 -5.628657435619792e-05 -5.631829058437513e-05 0 0 0 0 0 0 0 0 0 0 0 0 0 0 0 0 0 0 0 0 0 0 0 0 0 0 0 0 0 0 0 0 0 0 0 0 0 0 0 0 0 0 0 0 0 0 0 0 0 0 0 0 0 0 0 0 0 0 0 0 0 0 0 0 0 0 0 0 0 0 0 0 0 0
0 0 0 0 0 0 0 0 0 0 0 0 0 0 0 0 0 -5.927666028274877e-05 0 0 0 0 0 0 0 0 0 0 0 -5.644801240024447e-05 0 0 0 0 0 0 -5.78296238989124e-05 0 0 0 -5.644726688748008e-05 0 0 0 0 0 0 -5.176016452114454e-05 -5.628657435619792e-05 0.0003380483023467282 0 0 0 0 0 0 0 0 0 0 0 0 0 0 0 0 0 0 0 0 0 0 0 0 0 0 0 0 0 0 0 0 0 0 0 0 0 0 0 0 0 0 0 0 0 0 0 0 0 0 0 0 0 0 0 0 0 0 0 0 0 0 0 0 0 0 0 0 0 0 0 0 0 0 0
0 0 0 0 0 0 0 0 0 0 0 0 0 0 0 0 0 0 0 0 0 0 -9.724394613676522e-05 0 0 0 0 0 0 0 0 0 0 0 0 0 0 0 0 0 -6.338168100941025e-05 -6.424268400140128e-05 0 0 0 0 0 0 -5.631829058437513e-05 0 0.0003702061834675671 -2.017535630909893e-06 0 0 0 0 0 0 0 0 -8.700204610470525e-05 0 0 0 0 0 0 0 0 0 0 0 0 0 0 0 0 0 0 0 0 0 0 0 0 0 0 0 0 0 0 0 0 0 0 0 0 0 0 0 0 0 0 0 0 0 0 0 0 0 0 0 0 0 0 0 0 0 0 0 0 0 0 0 0
0 0 0 0 0 0 0 -8.412755464024828e-05 0 0 0 0 0 0 0 0 0 0 0 -5.639842654081678e-05 0 0 -6.941253098038686e-05 0 0 0 0 0 0 0 0 0 0 0 0 0 0 0 -1.651021623173521e-05 0 0 -8.415079059012841e-05 0 0 0 0 0 0 0 0 -2.017535630909893e-06 0.0003638353620633451 0 0 0 0 0 0 0 0 0 0 0 0 0 0 0 0 0 0 0 0 0 0 0 0 0 0 0 0 0 0 0 0 0 0 0 0 0 0 0 0 0 0 0 0 0 0 0 0 0 0 0 0 0 0 0 0 0 0 0 0 0 0 0 0 -1.752823515641077e-05 0 0 0 0 -3.369007229270889e-05 0 0 0
0 0 0 0 0 0 0 0 0 0 0 0 0 0 0 0 0 0 0 0 0 -8.965582663245542e-05 0 0 0 0 0 0 -5.568020514784502e-05 0 0 0 0 -6.726768889540257e-05 0 0 0 0 0 0 0 0 0 -3.66325955329874e-05 0 0 0 0 0 0 0 0 0.0003501399175642134 -4.740984499983348e-05 0 -5.349375635568955e-05 0 0 0 0 0 0 0 0 0 0 0 0 0 0 0 0 0 0 0 0 0 0 0 0 0 0 0 0 0 0 0 0 0 0 0 0 0 0 0 0 0 0 0 0 0 0 0 0 0 0 0 0 0 0 0 0 0 0 0 0 0 0 0 0 0 0 0 0 0
0 0 0 0 0 0 0 0 0 0 0 0 0 0 0 0 0 0 0 0 0 -4.785358793367518e-05 0 0 0 0 0 0 -5.58139300016317e-05 0 0 0 0 0 -0.0001006316928785521 0 0 0 0 0 0 0 0 0 0 0 0 0 0 0 0 0 -4.740984499983348e-05 0.0003550710526048 0 0 0 0 -2.882808241591855e-05 -7.453391437518891e-05 0 0 0 0 0 0 0 0 0 0 0 0 0 0 0 0 0 0 0 0 0 0 0 0 0 0 0 0 0 0 0 0 0 0 0 0 0 0 0 0 0 0 0 0 0 0 0 0 0 0 0 0 0 0 0 0 0 0 0 0 0 0 0 0 0
0 0 0 0 0 0 0 0 0 0 0 0 0 0 0 -5.017883360516262e-05 0 0 0 0 0 0 0 0 0 0 0 -4.851660746590147e-05 -7.27920422299766e-05 0 0 0 0 0 0 0 0 0 0 -4.864468616719308e-05 0 0 0 0 0 0 0 0 0 0 0 0 0 0 0.0003406652398654386 -6.630349390651755e-05 0 0 0 0 0 -5.422957649068731e-05 0 0 0 0 0 0 0 0 0 0 0 0 0 0 0 0 0 0 0 0 0 0 0 0 0 0 0 0 0 0 0 0 0 0 0 0 0 0 0 0 0 0 0 0 0 0 0 0 0 0 0 0 0 0 0 0 0 0 0 0 0 0 0
0 0 0 0 0 0 0 0 0 0 0 0 0 0 0 -5.017883360516276e-05 0 0 0 0 0 0 0 0 0 0 0 0 -4.572485907448447e-05 0 0 0 0 -8.177580847839069e-05 0 0 0 0 0 0 0 0 0 0 0 0 0 0 0 0 0 0 -5.349375635568955e-05 0 -6.630349390651755e-05 0.0003429901201197466 -4.551336869950154e-05 0 0 0 0 0 0 0 0 0 0 0 0 0 0 0 0 0 0 0 0 0 0 0 0 0 0 0 0 0 0 0 0 0 0 0 0 0 0 0 0 0 0 0 0 0 0 0 0 0 0 0 0 0 0 0 0 0 0 0 0 0 0 0 0 0 0 0 0
0 0 0 0 0 0 0 0 0 0 0 0 0 0 -4.4444801938263e-05 -3.76000103040033e-05 0 0 0 0 0 0 0 0 0 0 0 0 0 0 0 0 0 -4.551336869950162e-05 0 0 0 0 0 0 0 0 0 0 0 0 0 0 0 0 0 0 0 0 0 -4.551336869950154e-05 0.0001730715496412695 0 0 0 0 0 0 0 0 0 0 0 0 0 0 0 0 0 0 0 0 0 0 0 0 0 0 0 0 0 0 0 0 0 0 0 0 0 0 0 0 0 0 0 0 0 0 0 0 0 0 0 0 0 0 0 0 0 0 0 0 0 0 0 0 0 0 0 0
0 0 0 0 0 0 0 0 0 0 0 0 0 0 0 0 -2.549903781577145e-05 -2.603815570671446e-05 0 0 0 0 0 0 0 0 0 0 0 0 0 0 0 0 0 0 0 0 0 0 -6.294663188352203e-05 0 0 0 0 0 0 0 0 0 0 0 0 0 0 0 0 0.0001694448003541832 0 0 -5.496097494817523e-05 0 0 0 0 0 0 0 0 0 0 0 0 0 0 0 0 0 0 0 0 0 0 0 0 0 0 0 0 0 0 0 0 0 0 0 0 0 0 0 0 0 0 0 0 0 0 0 0 0 0 0 0 0 0 0 0 0 0 0 0 0 0 0 0
0 0 0 0 0 0 -9.325633666393054e-05 -2.780064007297501e-05 0 0 0 0 0 0 0 0 0 0 0 -8.151713075554433e-05 0 0 0 0 0 0 0 0 0 0 0 0 0 0 -2.199386380543737e-05 0 0 0 0 0 0 0 0 0 0 0 0 0 0 0 0 0 0 -2.882808241591855e-05 0 0 0 0 0.0003493509506278817 -3.699419474505175e-05 0 0 0 0 0 0 0 0 0 0 0 0 0 0 0 0 0 0 0 0 0 0 0 0 0 0 0 0 0 0 0 0 0 0 0 0 0 0 0 0 0 0 0 0 0 0 0 0 0 0 0 0 0 0 0 0 0 -2.517598210235325e-05 0 0 0 0 0 0 -3.378472006667089e-05
0 0 0 0 0 0 0 0 0 0 0 0 0 0 0 0 0 0 0 -6.456173339835678e-05 0 0 0 0 0 0 0 0 -5.580521580007114e-05 0 0 0 0 0 0 0 0 0 0 0 0 -5.619154878182976e-05 0 0 0 0 0 0 0 0 0 0 0 -7.453391437518891e-05 0 0 0 0 -3.699419474505175e-05 0.0003439166806836957 0 -5.583007358319734e-05 0 0 0 0 0 0 0 0 0 0 0 0 0 0 0 0 0 0 0 0 0 0 0 0 0 0 0 0 0 0 0 0 0 0 0 0 0 0 0 0 0 0 0 0 0 0 0 0 0 0 0 0 0 0 0 0 0 0 0 0 0 0 0
0 0 0 0 0 0 0 0 0 0 0 0 0 0 0 0 -5.737586547161146e-05 0 0 0 0 0 0 0 0 0 0 -7.800572733806035e-05 0 0 0 0 0 0 0 0 0 0 0 0 -4.336331806084288e-05 -1.168425051399688e-05 0 0 0 0 0 0 0 0 -8.700204610470525e-05 0 0 0 0 0 0 -5.496097494817523e-05 0 0 0.0003568687737026998 -2.447659126530775e-05 0 0 0 0 0 0 0 0 0 0 0 0 0 0 0 0 0 0 0 0 0 0 0 0 0 0 0 0 0 0 0 0 0 0 0 0 0 0 0 0 0 0 0 0 0 0 0 0 0 0 0 0 0 0 0 0 0 0 0 0 0 0 0
0 0 0 0 0 0 0 0 0 0 0 0 0 0 0 0 0 0 0 0 0 0 0 0 0 0 0 -7.884030516239723e-05 -5.422945689985558e-05 0 0 0 0 0 0 0 0 0 0 0 0 -9.350387535881618e-05 0 0 0 0 0 0 0 0 0 0 0 0 -5.422957649068731e-05 0 0 0 0 -5.583007358319734e-05 -2.447659126530775e-05 0.0003611098787602614 0 0 0 0 0 0 0 0 0 0 0 0 0 0 0 0 0 0 0 0 0 0 0 0 0 0 0 0 0 0 0 0 0 0 0 0 0 0 0 0 0 0 0 0 0 0 0 0 0 0 0 0 0 0 0 0 0 0 0 0 0 0 0
0 0 0 0 0 0 0 0 0 0 0 0 0 0 0 0 0 0 0 0 0 0 0 0 0 0 0 0 0 0 0 0 0 0 0 0 0 0 0 0 0 0 0 0 0 0 0 0 0 0 0 0 0 0 0 0 0 0 0 0 0 0 0.0001970355512262861 0 0 -6.785944976367269e-05 0 0 0 0 0 0 0 0 0 0 0 0 0 0 0 0 0 0 0 0 0 0 0 0 0 0 0 0 0 0 0 0 0 0 0 0 0 0 0 0 0 0 0 0 0 0 0 0 0 0 0 0 -5.007672133122182e-05 0 -7.909938013139154e-05 0 0 0 0
0 0 0 0 0 0 0 0 0 0 0 0 0 0 0 0 0 0 0 0 0 0 0 0 0 0 0 0 0 0 0 0 0 0 0 0 0 0 0 0 0 0 0 0 0 0 0 0 0 0 0 0 0 0 0 0 0 0 0 0 0 0 0 1 0 0 0 0 0 0 0 0 0 0 0 0 0 0 0 0 0 0 0 0 0 0 0 0 0 0 0 0 0 0 0 0 0 0 0 0 0 0 0 0 0 0 0 0 0 0 0 0 0 0 0 0 0 0 0 0 0 0 0 0 0
0 0 0 0 0 0 0 0 0 0 0 0 0 0 0 0 0 0 0 0 0 0 0 0 0 0 0 0 0 0 0 0 0 0 0 0 0 0 0 0 0 0 0 0 0 0 0 0 0 0 0 0 0 0 0 0 0 0 0 0 0 0 0 0 1 0 0 0 0 0 0 0 0 0 0 0 0 0 0 0 0 0 0 0 0 0 0 0 0 0 0 0 0 0 0 0 0 0 0 0 0 0 0 0 0 0 0 0 0 0 0 0 0 0 0 0 0 0 0 0 0 0 0 0 0
0 0 0 0 0 0 0 0 0 0 0 0 0 0 0 0 0 0 0 0 0 0 0 0 0 0 0 0 0 0 0 0 0 0 0 0 0 0 0 0 0 0 0 0 0 0 0 0 0 0 0 0 0 0 0 0 0 0 0 0 0 0 -6.785944976367269e-05 0 0 0.0001952785294737836 0 0 0 0 0 0 0 0 -4.911395493786984e-05 0 0 0 0 0 0 0 0 0 0 0 0 -5.947166562102209e-05 0 0 0 0 0 0 0 0 0 0 0 0 0 0 0 0 0 0 0 0 0 0 0 0 0 0 0 0 0 0 0 0 -1.883345915121903e-05 0 0 0 0
0 0 0 0 0 0 0 0 0 0 0 0 0 0 0 0 0 0 0 0 0 0 0 0 0 0 0 0 0 0 0 0 0 0 0 0 0 0 0 0 0 0 0 0 0 0 0 0 0 0 0 0 0 0 0 0 0 0 0 0 0 0 0 0 0 0 0.0003704495594110918 0 0 0 0 0 0 0 0 0 0 0 0 0 0 0 0 0 0 0 0 -5.93633695637475e-05 0 0 -4.537784195688478e-05 0 0 0 0 0 0 0 0 0 -9.30116647610945e-05 0 0 0 0 0 0 0 0 0 0 0 0 0 0 0 0 -0.0001060865019922869 0 0 0 0 0 0 -6.66101811370781e-05
0 0 0 0 0 0 0 0 0 0 0 0 0 0 0 0 0 0 0 0 0 0 0 0 0 0 0 0 0 0 0 0 0 0 0 0 0 0 0 0 0 0 0 0 0 0 0 0 0 0 0 0 0 0 0 0 0 0 0 0 0 0 0 0 0 0 0 0.0001965171803604152 0 0 0 0 0 0 0 0 0 0 0 0 0 0 0 0 -4.992808840716271e-05 0 0 0 0 0 0 0 -6.701857996911333e-05 0 0 0 0 -7.957051198413919e-05 0 0 0 0 0 0 0 0 0 0 0 0 0 0 0 0 0 0 0 0 0 0 0 0 0 0 0
0 0 0 0 0 0 0 0 0 0 0 0 0 0 0 0 0 0 0 0 0 0 0 0 0 0 0 0 0 0 0 0 0 0 0 0 0 0 0 0 0 0 0 0 0 0 0 0 0 0 0 0 0 0 0 0 0 0 0 0 0 0 0 0 0 0 0 0 0.0001958450795035599 0 0 0 0 0 0 0 0 0 0 0 0 0 0 0 -6.580878870406421e-05 0 0 0 0 0 0 0 0 0 0 0 0 0 0 0 0 0 0 -7.924484560361912e-05 0 0 0 0 0 0 0 0 0 0 0 -5.079144519587657e-05 0 0 0 0 0 0 0 0 0
0 0 0 0 0 0 0 0 0 0 0 0 0 0 0 0 0 0 0 0 0 0 0 0 0 0 0 0 0 0 0 0 0 0 0 0 0 0 0 0 0 0 0 0 0 0 0 0 0 0 0 0 0 0 0 0 0 0 0 0 0 0 0 0 0 0 0 0 0 0.0003703856143465401 0 0 0 0 0 0 0 0 0 0 0 0 0 0 0 -5.621854200635414e-05 0 0 0 0 0 0 0 0 0 0 0 0 0 0 0 0 0 0 0 0 0 -4.789784055540556e-05 0 0 0 0 0 0 -9.552986242701256e-05 0 -5.628694573011265e-05 0 0 0 0 -9.684791040208063e-05 0 -1.760451322557454e-05 0
0 0 0 0 0 0 0 0 0 0 0 0 0 0 0 0 0 0 0 0 0 0 0 0 0 0 0 0 0 0 0 0 0 0 0 0 0 0 0 0 0 0 0 0 0 0 0 0 0 0 0 0 0 0 0 0 0 0 0 0 0 0 0 0 0 0 0 0 0 0 0.0001964252301603659 0 0 0 0 0 0 0 0 0 0 0 0 0 0 0 0 0 0 0 0 0 0 0 0 -4.944210244569553e-05 0 0 0 0 0 0 0 0 0 0 0 0 0 0 0 -8.010284537227209e-05 0 0 0 -6.688028234239829e-05 0 0 0 0 0 0 0 0 0
0 0 0 0 0 0 0 0 0 0 0 0 0 0 0 0 0 0 0 0 0 0 0 0 0 0 0 0 0 0 0 0 0 0 0 0 0 0 0 0 0 0 0 0 0 0 0 0 0 0 0 0 0 0 0 0 0 0 0 0 0 0 0 0 0 0 0 0 0 0 0 0.0002099869771842505 0 0 0 0 0 -3.894382842482099e-05 0 0 0 0 0 0 0 0 0 0 0 0 0 0 0 0 0 -8.134981078273861e-05 0 0 0 0 0 0 0 0 0 0 0 0 -8.969333797669086e-05 0 0 0 0 0 0 0 0 0 0 0 0 0 0 0 0
0 0 0 0 0 0 0 0 0 0 0 0 0 0 0 0 0 0 0 0 0 0 0 0 0 0 0 0 0 0 0 0 0 0 0 0 0 0 0 0 0 0 0 0 0 0 0 0 0 0 0 0 0 0 0 0 0 0 0 0 0 0 0 0 0 0 0 0 0 0 0 0 0.0001991687927186572 0 0 0 0 0 0 0 0 0 0 -5.479916895594133e-05 0 0 0 0 0 0 0 0 0 0 0 0 0 0 0 0 0 0 0 0 0 0 0 0 0 -7.052555075381452e-05 -7.38440730089013e-05 0 0 0 0 0 0 0 0 0 0 0 0 0 0
0 0 0 0 0 0 0 0 0 0 0 0 0 0 0 0 0 0 0 0 0 0 0 0 0 0 0 0 0 0 0 0 0 0 0 0 0 0 0 0 0 0 0 0 0 0 0 0 0 0 0 0 0 0 0 0 0 0 0 0 0 0 0 0 0 0 0 0 0 0 0 0 0 0.0002002233376367971 0 0 0 0 0 0 0 0 -4.593163615217859e-05 0 0 0 0 0 0 -8.209464735597521e-05 0 -7.21970541286433e-05 0 0 0 0 0 0 0 0 0 0 0 0 0 0 0 0 0 0 0 0 0 0 0 0 0 0 0 0 0 0 0 0 0
0 0 0 0 0 0 0 0 0 0 0 0 0 0 0 0 0 0 0 0 0 0 0 0 0 0 0 0 0 0 0 0 0 0 0 0 0 0 0 0 0 0 0 0 0 0 0 0 0 0 0 0 0 0 0 0 0 0 0 0 0 0 0 0 0 -4.911395493786984e-05 0 0 0 0 0 0 0 0 0.0001980121513859489 0 0 0 0 0 -6.938918913102593e-05 0 0 0 0 0 0 -7.950900731705309e-05 0 0 0 0 0 0 0 0 0 0 0 0 0 0 0 0 0 0 0 0 0 0 0 0 0 0 0 0 0 0 0 0 0 0 0 0 0
0 0 0 0 0 0 0 0 0 0 0 0 0 0 0 0 0 0 0 0 0 0 0 0 0 0 0 0 0 0 0 0 0 0 0 0 0 0 0 0 0 0 0 0 0 0 0 0 0 0 0 0 0 0 0 0 0 0 0 0 0 0 0 0 0 0 0 0 0 0 0 0 0 0 0 1 0 0 0 0 0 0 0 0 0 0 0 0 0 0 0 0 0 0 0 0 0 0 0 0 0 0 0 0 0 0 0 0 0 0 0 0 0 0 0 0 0 0 0 0 0 0 0 0 0
0 0 0 0 0 0 0 0 0 0 0 0 0 0 0 0 0 0 0 0 0 0 0 0 0 0 0 0 0 0 0 0 0 0 0 0 0 0 0 0 0 0 0 0 0 0 0 0 0 0 0 0 0 0 0 0 0 0 0 0 0 0 0 0 0 0 0 0 0 0 0 0 0 0 0 0 1 0 0 0 0 0 0 0 0 0 0 0 0 0 0 0 0 0 0 0 0 0 0 0 0 0 0 0 0 0 0 0 0 0 0 0 0 0 0 0 0 0 0 0 0 0 0 0 0
0 0 0 0 0 0 0 0 0 0 0 0 0 0 0 0 0 0 0 0 0 0 0 0 0 0 0 0 0 0 0 0 0 0 0 0 0 0 0 0 0 0 0 0 0 0 0 0 0 0 0 0 0 0 0 0 0 0 0 0 0 0 0 0 0 0 0 0 0 0 0 -3.894382842482099e-05 0 0 0 0 0 0.0002099868407754231 0 0 0 0 0 -8.13497267497068e-05 0 0 0 0 0 0 0 0 0 0 0 0 0 0 0 0 0 0 0 0 0 0 0 0 -8.969328560089531e-05 0 0 0 0 0 0 0 0 0 0 0 0 0 0 0 0
0 0 0 0 0 0 0 0 0 0 0 0 0 0 0 0 0 0 0 0 0 0 0 0 0 0 0 0 0 0 0 0 0 0 0 0 0 0 0 0 0 0 0 0 0 0 0 0 0 0 0 0 0 0 0 0 0 0 0 0 0 0 0 0 0 0 0 0 0 0 0 0 0 0 0 0 0 0 0.0003667905806375155 0 0 0 0 0 0 0 0 0 0 0 0 0 0 0 -5.583007358319734e-05 0 0 0 0 0 0 0 0 0 0 -6.547019431790364e-05 0 0 0 0 0 0 -0.000103893294968893 0 -7.025512944955455e-05 0 0 0 0 0 0 0 0 -7.134188831796695e-05 0
0 0 0 0 0 0 0 0 0 0 0 0 0 0 0 0 0 0 0 0 0 0 0 0 0 0 0 0 0 0 0 0 0 0 0 0 0 0 0 0 0 0 0 0 0 0 0 0 0 0 0 0 0 0 0 0 0 0 0 0 0 0 0 0 0 0 0 0 0 0 0 0 0 0 0 0 0 0 0 1 0 0 0 0 0 0 0 0 0 0 0 0 0 0 0 0 0 0 0 0 0 0 0 0 0 0 0 0 0 0 0 0 0 0 0 0 0 0 0 0 0 0 0 0 0
0 0 0 0 0 0 0 0 0 0 0 0 0 0 0 0 0 0 0 0 0 0 0 0 0 0 0 0 0 0 0 0 0 0 0 0 0 0 0 0 0 0 0 0 0 0 0 0 0 0 0 0 0 0 0 0 0 0 0 0 0 0 0 0 0 0 0 0 0 0 0 0 0 0 -6.938918913102593e-05 0 0 0 0 0 0.0001956672393078928 0 0 0 0 0 0 -8.498891857234263e-06 0 0 -7.215476604979019e-05 0 -4.562439226984238e-05 0 0 0 0 0 0 0 0 0 0 0 0 0 0 0 0 0 0 0 0 0 0 0 0 0 0 0 0 0 0 0 0
0 0 0 0 0 0 0 0 0 0 0 0 0 0 0 0 0 0 0 0 0 0 0 0 0 0 0 0 0 0 0 0 0 0 0 0 0 0 0 0 0 0 0 0 0 0 0 0 0 0 0 0 0 0 0 0 0 0 0 0 0 0 0 0 0 0 0 0 0 0 0 0 0 0 0 0 0 0 0 0 0 0.0003661730482433371 0 0 0 0 0 0 -4.85166074659015e-05 0 0 0 0 0 -7.884030516239723e-05 0 0 0 0 0 0 0 0 0 0 0 0 0 0 0 0 0 0 0 0 0 0 0 0 0 0 0 -7.800572733806035e-05 0 0
0 0 0 0 0 0 0 0 0 0 0 0 0 0 0 0 0 0 0 0 0 0 0 0 0 0 0 0 0 0 0 0 0 0 0 0 0 0 0 0 0 0 0 0 0 0 0 0 0 0 0 0 0 0 0 0 0 0 0 0 0 0 0 0 0 0 0 0 0 0 0 0 0 -4.593163615217859e-05 0 0 0 0 0 0 0 0 0.0001816298805898091 0 0 0 0 0 0 -5.439223353488776e-05 0 0 0 0 0 0 0 0 0 0 0 0 0 0 0 0 0 0 0 0 0 0 0 0 0 0 0 0 0 0 0 0 0 0 0
0 0 0 0 0 0 0 0 0 0 0 0 0 0 0 0 0 0 0 0 0 0 0 0 0 0 0 0 0 0 0 0 0 0 0 0 0 0 0 0 0 0 0 0 0 0 0 0 0 0 0 0 0 0 0 0 0 0 0 0 0 0 0 0 0 0 0 0 0 0 0 0 -5.479916895594133e-05 0 0 0 0 -8.13497267497068e-05 0 0 0 0 0 0.0002108714548872313 0 0 0 0 0 0 0 0 0 0 0 0 0 0 0 0 0 0 0 0 0 0 0 0 -1.276613140850567e-05 0 -6.195642777307749e-05 0 0 0 0 0 0 0 0 0 0 0 0 0 0
0 0 0 0 0 0 0 0 0 0 0 0 0 0 0 0 0 0 0 0 0 0 0 0 0 0 0 0 0 0 0 0 0 0 0 0 0 0 0 0 0 0 0 0 0 0 0 0 0 0 0 0 0 0 0 0 0 0 0 0 0 0 0 0 0 0 0 -4.992808840716271e-05 -6.580878870406421e-05 0 0 0 0 0 0 0 0 0 0 0 0 0 0 0 0.0001939716182282505 0 0 0 0 0 0 0 0 0 0 0 0 -5.623071105104383e-05 0 0 0 0 0 -2.200403006597971e-05 0 0 0 0 0 0 0 0 0 0 0 0 0 0 0 0 0 0 0 0 0
0 0 0 0 0 0 0 0 0 0 0 0 0 0 0 0 0 0 0 0 0 0 0 0 0 0 0 0 0 0 0 0 0 0 0 0 0 0 0 0 0 0 0 0 0 0 0 0 0 0 0 0 0 0 0 0 0 0 0 0 0 0 0 0 0 0 0 0 0 -5.621854200635414e-05 0 0 0 0 0 0 0 0 0 0 0 0 0 0 0 0.0003533415694209583 0 0 0 0 0 0 0 0 0 0 0 0 0 0 -8.083998831074702e-05 0 0 0 -5.474336042740906e-05 0 0 -5.594079677847793e-05 0 0 0 0 0 0 0 0 -8.056765491848258e-05 -2.503122697948747e-05 0 0 0 0 0 0 0
0 0 0 0 0 0 0 0 0 0 0 0 0 0 0 0 0 0 0 0 0 0 0 0 0 0 0 0 0 0 0 0 0 0 0 0 0 0 0 0 0 0 0 0 0 0 0 0 0 0 0 0 0 0 0 0 0 0 0 0 0 0 0 0 0 0 0 0 0 0 0 0 0 0 0 0 0 0 0 0 0 0 0 0 0 0 0.0003719905359456317 0 0 0 0 0 0 0 0 0 0 0 0 0 0 0 0 -3.830726393380942e-05 -6.693993491652025e-05 0 0 -0.0001060860697721867 0 0 0 -6.730406042229208e-05 0 -9.335320690082334e-05 0 0 0 0 0 0 0 0 0 0 0
0 0 0 0 0 0 0 0 0 0 0 0 0 0 0 0 0 0 0 0 0 0 0 0 0 0 0 0 0 0 0 0 0 0 0 0 0 0 0 0 0 0 0 0 0 0 0 0 0 0 0 0 0 0 0 0 0 0 0 0 0 0 0 0 0 -5.947166562102209e-05 -5.93633695637475e-05 0 0 0 0 0 0 0 -7.950900731705309e-05 0 0 0 0 0 -8.498891857234263e-06 0 0 0 0 0 0 0.0003491342789240667 0 0 -5.772489958644028e-05 0 0 0 0 0 0 0 0 0 0 0 0 0 0 0 0 0 0 0 0 0 0 0 0 0 0 0 0 0 -4.475677050262979e-05 0 0 0 -3.980967447593972e-05
0 0 0 0 0 0 0 0 0 0 0 0 0 0 0 0 0 0 0 0 0 0 0 0 0 0 0 0 0 0 0 0 0 0 0 0 0 0 0 0 0 0 0 0 0 0 0 0 0 0 0 0 0 0 0 0 0 0 0 0 0 0 0 0 0 0 0 0 0 0 0 0 0 0 0 0 0 0 0 0 0 -4.85166074659015e-05 0 0 0 0 0 0 0.0003406652398654387 0 0 0 0 0 -5.422957649068731e-05 0 0 0 0 0 0 0 -6.630349390651758e-05 0 0 -7.279204222997659e-05 0 0 0 0 0 0 0 0 0 0 0 0 0 0 0 0 0 0 0
0 0 0 0 0 0 0 0 0 0 0 0 0 0 0 0 0 0 0 0 0 0 0 0 0 0 0 0 0 0 0 0 0 0 0 0 0 0 0 0 0 0 0 0 0 0 0 0 0 0 0 0 0 0 0 0 0 0 0 0 0 0 0 0 0 0 0 0 0 0 0 0 0 -8.209464735597521e-05 0 0 0 0 0 0 0 0 -5.439223353488776e-05 0 0 0 0 0 0 0.0003549618863136373 0 -6.607963268462038e-06 0 -6.519670805612285e-05 0 0 0 0 0 -6.162560865876375e-05 0 0 0 0 0 0 0 0 0 0 0 0 0 0 0 0 0 0 0 0 0 0 0 0 0
0 0 0 0 0 0 0 0 0 0 0 0 0 0 0 0 0 0 0 0 0 0 0 0 0 0 0 0 0 0 0 0 0 0 0 0 0 0 0 0 0 0 0 0 0 0 0 0 0 0 0 0 0 0 0 0 0 0 0 0 0 0 0 0 0 0 -4.537784195688478e-05 0 0 0 0 0 0 0 0 0 0 0 0 0 -7.215476604979019e-05 0 0 0 0 0 0 -5.772489958644028e-05 0 0 0.0003502276806006253 0 -7.047521347436566e-05 0 0 0 0 -6.028444086750797e-05 0 0 -4.421051866563641e-05 0 0 0 0 0 0 0 0 0 0 0 0 0 0 0 0 0 0 0 0 0 0 0 0
0 0 0 0 0 0 0 0 0 0 0 0 0 0 0 0 0 0 0 0 0 0 0 0 0 0 0 0 0 0 0 0 0 0 0 0 0 0 0 0 0 0 0 0 0 0 0 0 0 0 0 0 0 0 0 0 0 0 0 0 0 0 0 0 0 0 0 0 0 0 0 0 0 -7.21970541286433e-05 0 0 0 0 0 0 0 0 0 0 0 0 0 0 0 -6.607963268462038e-06 0 0.000198700607033601 0 -7.427119537804143e-05 0 0 0 0 0 0 0 0 0 0 0 0 0 0 0 -4.562439425845422e-05 0 0 0 0 0 0 0 0 0 0 0 0 0 0 0
0 0 0 0 0 0 0 0 0 0 0 0 0 0 0 0 0 0 0 0 0 0 0 0 0 0 0 0 0 0 0 0 0 0 0 0 0 0 0 0 0 0 0 0 0 0 0 0 0 0 0 0 0 0 0 0 0 0 0 0 0 0 0 0 0 0 0 -6.701857996911333e-05 0 0 0 0 0 0 0 0 0 0 0 0 -4.562439226984238e-05 0 0 0 0 0 0 0 0 0 -7.047521347436566e-05 0 0.0001932856496661851 0 0 0 0 -1.016746395286374e-05 0 0 0 0 0 0 0 0 0 0 0 0 0 0 0 0 0 0 0 0 0 0 0 0 0 0 0
0 0 0 0 0 0 0 0 0 0 0 0 0 0 0 0 0 0 0 0 0 0 0 0 0 0 0 0 0 0 0 0 0 0 0 0 0 0 0 0 0 0 0 0 0 0 0 0 0 0 0 0 0 0 0 0 0 0 0 0 0 0 0 0 0 0 0 0 0 0 0 0 0 0 0 0 0 0 0 0 0 0 0 0 0 0 0 0 0 -6.519670805612285e-05 0 -7.427119537804143e-05 0 0.0003659081502483582 0 0 0 0 0 -3.31627719195285e-05 0 0 0 0 0 0 -3.45520737336448e-05 0 0 -7.220398807431453e-05 -8.652141308670608e-05 0 0 0 0 0 0 0 0 0 0 0 0 0 0
0 0 0 0 0 0 0 0 0 0 0 0 0 0 0 0 0 0 0 0 0 0 0 0 0 0 0 0 0 0 0 0 0 0 0 0 0 0 0 0 0 0 0 0 0 0 0 0 0 0 0 0 0 0 0 0 0 0 0 0 0 0 0 0 0 0 0 0 0 0 0 0 0 0 0 0 0 0 -5.583007358319734e-05 0 0 -7.884030516239723e-05 0 0 0 0 0 0 -5.422957649068731e-05 0 0 0 0 0 0.0003611098787602614 0 0 0 0 0 0 0 0 0 0 -5.422945689985559e-05 0 0 0 0 0 0 0 0 0 0 0 0 0 0 0 0 -2.447659126530775e-05 -9.350387535881616e-05 0
0 0 0 0 0 0 0 0 0 0 0 0 0 0 0 0 0 0 0 0 0 0 0 0 0 0 0 0 0 0 0 0 0 0 0 0 0 0 0 0 0 0 0 0 0 0 0 0 0 0 0 0 0 0 0 0 0 0 0 0 0 0 0 0 0 0 0 0 0 0 -4.944210244569553e-05 -8.134981078273861e-05 0 0 0 0 0 0 0 0 0 0 0 0 0 0 0 0 0 0 0 0 0 0 0 0.0002106062298282695 0 0 0 0 0 0 0 0 0 0 0 0 -1.198747989280476e-05 0 0 -6.78268367070306e-05 0 0 0 0 0 0 0 0 0 0 0 0 0
0 0 0 0 0 0 0 0 0 0 0 0 0 0 0 0 0 0 0 0 0 0 0 0 0 0 0 0 0 0 0 0 0 0 0 0 0 0 0 0 0 0 0 0 0 0 0 0 0 0 0 0 0 0 0 0 0 0 0 0 0 0 0 0 0 0 0 0 0 0 0 0 0 0 0 0 0 0 0 0 0 0 0 0 0 0 0 0 0 0 0 0 0 0 0 0 0.000369646601928918 0 0 0 0 0 0 0 0 6.192088463201655e-06 -8.356230264071101e-05 0 -5.261977409844336e-05 0 -7.653249369354531e-05 0 -8.774334760424177e-05 -7.538077235517823e-05 0 0 0 0 0 0 0 0 0 0 0
0 0 0 0 0 0 0 0 0 0 0 0 0 0 0 0 0 0 0 0 0 0 0 0 0 0 0 0 0 0 0 0 0 0 0 0 0 0 0 0 0 0 0 0 0 0 0 0 0 0 0 0 0 0 0 0 0 0 0 0 0 0 0 0 0 0 0 -7.957051198413919e-05 0 0 0 0 0 0 0 0 0 0 0 0 0 0 0 0 -5.623071105104383e-05 0 0 0 0 0 -6.028444086750797e-05 0 -1.016746395286374e-05 0 0 0 0 0.000348806013414535 0 0 -6.050524260827068e-05 0 0 -4.433008148824971e-05 -3.771756146245982e-05 0 0 0 0 0 0 0 0 0 0 0 0 0 0 0 0 0 0 0 0
0 0 0 0 0 0 0 0 0 0 0 0 0 0 0 0 0 0 0 0 0 0 0 0 0 0 0 0 0 0 0 0 0 0 0 0 0 0 0 0 0 0 0 0 0 0 0 0 0 0 0 0 0 0 0 0 0 0 0 0 0 0 0 0 0 0 0 0 0 0 0 0 0 0 0 0 0 0 0 0 0 0 0 0 0 0 0 0 0 0 0 0 0 0 0 0 0 0 1 0 0 0 0 0 0 0 0 0 0 0 0 0 0 0 0 0 0 0 0 0 0 0 0 0 0
0 0 0 0 0 0 0 0 0 0 0 0 0 0 0 0 0 0 0 0 0 0 0 0 0 0 0 0 0 0 0 0 0 0 0 0 0 0 0 0 0 0 0 0 0 0 0 0 0 0 0 0 0 0 0 0 0 0 0 0 0 0 0 0 0 0 0 0 0 0 0 0 0 0 0 0 0 0 0 0 0 0 0 0 0 0 0 0 0 -6.162560865876375e-05 0 0 0 -3.31627719195285e-05 0 0 0 0 0 0.000349392363550472 0 0 -8.177580847839073e-05 0 0 0 -7.200699126909457e-05 0 0 0 0 0 0 0 0 0 0 0 0 0 0 0 0 0 0
0 0 0 0 0 0 0 0 0 0 0 0 0 0 0 0 0 0 0 0 0 0 0 0 0 0 0 0 0 0 0 0 0 0 0 0 0 0 0 0 0 0 0 0 0 0 0 0 0 0 0 0 0 0 0 0 0 0 0 0 0 0 0 0 0 0 -9.30116647610945e-05 0 0 0 0 0 0 0 0 0 0 0 0 0 0 0 0 0 0 -8.083998831074702e-05 0 0 0 0 -4.421051866563641e-05 0 0 0 0 0 0 -6.050524260827068e-05 0 0 0.0003627372169814705 0 0 0 -7.146256362656729e-05 0 0 0 0 0 0 0 0 0 0 0 0 -1.270723900915469e-05 0 0 0 0 0 0 0
0 0 0 0 0 0 0 0 0 0 0 0 0 0 0 0 0 0 0 0 0 0 0 0 0 0 0 0 0 0 0 0 0 0 0 0 0 0 0 0 0 0 0 0 0 0 0 0 0 0 0 0 0 0 0 0 0 0 0 0 0 0 0 0 0 0 0 0 0 0 0 0 0 0 0 0 0 0 0 0 0 0 0 0 0 0 0 0 0 0 0 0 0 0 0 0 0 0 0 0 0 1 0 0 0 0 0 0 0 0 0 0 0 0 0 0 0 0 0 0 0 0 0 0 0
0 0 0 0 0 0 0 0 0 0 0 0 0 0 0 0 0 0 0 0 0 0 0 0 0 0 0 0 0 0 0 0 0 0 0 0 0 0 0 0 0 0 0 0 0 0 0 0 0 0 0 0 0 0 0 0 0 0 0 0 0 0 0 0 0 0 0 0 0 0 0 0 0 0 0 0 0 0 0 0 0 0 0 0 0 0 0 0 -6.630349390651758e-05 0 0 0 0 0 0 0 0 0 0 -8.177580847839073e-05 0 0 0.0003429901201197466 0 0 -4.572485907448447e-05 -5.349375635568955e-05 0 0 0 0 0 0 0 0 0 0 0 0 0 0 0 0 0 0
0 0 0 0 0 0 0 0 0 0 0 0 0 0 0 0 0 0 0 0 0 0 0 0 0 0 0 0 0 0 0 0 0 0 0 0 0 0 0 0 0 0 0 0 0 0 0 0 0 0 0 0 0 0 0 0 0 0 0 0 0 0 0 0 0 0 0 0 -7.924484560361912e-05 0 0 0 0 0 0 0 0 0 0 0 0 0 0 0 -2.200403006597971e-05 0 -3.830726393380942e-05 0 0 0 0 0 0 0 0 0 0 -4.433008148824971e-05 0 0 0 0 0 0.000349089153240361 -6.819999590657071e-05 0 0 0 0 0 0 -4.114889885011641e-05 0 0 0 -5.585403739201595e-05 0 0 0 0 0 0 0 0 0
0 0 0 0 0 0 0 0 0 0 0 0 0 0 0 0 0 0 0 0 0 0 0 0 0 0 0 0 0 0 0 0 0 0 0 0 0 0 0 0 0 0 0 0 0 0 0 0 0 0 0 0 0 0 0 0 0 0 0 0 0 0 0 0 0 0 0 0 0 0 0 0 0 0 0 0 0 0 0 0 0 0 0 0 0 -5.474336042740906e-05 -6.693993491652025e-05 0 0 0 0 0 0 0 0 0 0 -3.771756146245982e-05 0 0 -7.146256362656729e-05 0 0 -6.819999590657071e-05 0.0003430211331337829 0 0 -4.395771679425568e-05 0 0 0 0 0 0 0 0 0 0 0 0 0 0 0 0 0
0 0 0 0 0 0 0 0 0 0 0 0 0 0 0 0 0 0 0 0 0 0 0 0 0 0 0 0 0 0 0 0 0 0 0 0 0 0 0 0 0 0 0 0 0 0 0 0 0 0 0 0 0 0 0 0 0 0 0 0 0 0 0 0 0 0 0 0 0 0 0 0 0 0 0 0 0 0 -6.547019431790364e-05 0 0 0 0 0 0 0 0 0 -7.279204222997659e-05 0 0 0 0 0 -5.422945689985559e-05 0 6.192088463201655e-06 0 0 0 0 0 -4.572485907448447e-05 0 0 0.0003585352710576157 -8.892909252421213e-05 0 0 0 0 0 -3.758171447438495e-05 0 0 0 0 0 0 0 0 0 0 0 0
0 0 0 0 0 0 0 0 0 0 0 0 0 0 0 0 0 0 0 0 0 0 0 0 0 0 0 0 0 0 0 0 0 0 0 0 0 0 0 0 0 0 0 0 0 0 0 0 0 0 0 0 0 0 0 0 0 0 0 0 0 0 0 0 0 0 0 0 0 0 0 0 0 0 0 0 0 0 0 0 0 0 0 0 0 0 0 0 0 0 0 0 0 -3.45520737336448e-05 0 0 -8.356230264071101e-05 0 0 -7.200699126909457e-05 0 0 -5.349375635568955e-05 0 0 -8.892909252421213e-05 0.0003610760595281746 0 0 0 -2.853184300482258e-05 0 0 0 0 0 0 0 0 0 0 0 0 0 0
0 0 0 0 0 0 0 0 0 0 0 0 0 0 0 0 0 0 0 0 0 0 0 0 0 0 0 0 0 0 0 0 0 0 0 0 0 0 0 0 0 0 0 0 0 0 0 0 0 0 0 0 0 0 0 0 0 0 0 0 0 0 0 0 0 0 0 0 0 -4.789784055540556e-05 0 0 0 0 0 0 0 0 0 0 0 0 0 0 0 -5.594079677847793e-05 -0.0001060860697721867 0 0 0 0 0 0 0 0 0 0 0 0 0 0 0 0 0 -4.395771679425568e-05 0 0 0.0003764100094093363 0 0 0 0 2.471466629402961e-07 -1.270734314047484e-05 -0.0001100673890314759 0 0 0 0 0 0 0 0 0 0
0 0 0 0 0 0 0 0 0 0 0 0 0 0 0 0 0 0 0 0 0 0 0 0 0 0 0 0 0 0 0 0 0 0 0 0 0 0 0 0 0 0 0 0 0 0 0 0 0 0 0 0 0 0 0 0 0 0 0 0 0 0 0 0 0 0 0 0 0 0 0 -8.969333797669086e-05 0 0 0 0 0 -8.969328560089531e-05 0 0 0 0 0 -1.276613140850567e-05 0 0 0 0 0 0 0 0 0 0 0 -1.198747989280476e-05 -5.261977409844336e-05 0 0 0 0 0 0 0 0 0 0 0 0.0003687243178452377 0 -2.911423815850188e-05 -2.910321783003967e-05 0 -5.374685287935611e-05 0 0 0 0 0 0 0 0 0 0 0
0 0 0 0 0 0 0 0 0 0 0 0 0 0 0 0 0 0 0 0 0 0 0 0 0 0 0 0 0 0 0 0 0 0 0 0 0 0 0 0 0 0 0 0 0 0 0 0 0 0 0 0 0 0 0 0 0 0 0 0 0 0 0 0 0 0 0 0 0 0 0 0 -7.052555075381452e-05 0 0 0 0 0 0 0 0 0 0 0 0 0 0 0 0 0 0 -4.562439425845422e-05 0 -7.220398807431453e-05 0 0 0 0 0 0 0 0 0 0 0 0 0 0 0 0.000196226859315238 -7.872926228654753e-06 0 0 0 0 0 0 0 0 0 0 0 0 0 0
0 0 0 0 0 0 0 0 0 0 0 0 0 0 0 0 0 0 0 0 0 0 0 0 0 0 0 0 0 0 0 0 0 0 0 0 0 0 0 0 0 0 0 0 0 0 0 0 0 0 0 0 0 0 0 0 0 0 0 0 0 0 0 0 0 0 0 0 0 0 0 0 -7.38440730089013e-05 0 0 0 0 0 0 0 0 0 0 -6.195642777307749e-05 0 0 0 0 0 0 0 0 0 -8.652141308670608e-05 0 0 -7.653249369354531e-05 0 0 0 0 0 0 0 0 0 -2.853184300482258e-05 0 -2.911423815850188e-05 -7.872926228654753e-06 0.0003643734149542094 0 0 0 0 0 0 0 0 0 0 0 0 0 0
0 0 0 0 0 0 0 0 0 0 0 0 0 0 0 0 0 0 0 0 0 0 0 0 0 0 0 0 0 0 0 0 0 0 0 0 0 0 0 0 0 0 0 0 0 0 0 0 0 0 0 0 0 0 0 0 0 0 0 0 0 0 0 0 0 0 0 0 0 0 -8.010284537227209e-05 0 0 0 0 0 0 0 0 0 0 0 0 0 0 0 -6.730406042229208e-05 0 0 0 0 0 0 0 0 -6.78268367070306e-05 0 0 0 0 0 0 0 -4.114889885011641e-05 0 0 0 0 -2.910321783003967e-05 0 0 0.0003556832626963021 0 -4.795039924840858e-05 0 -2.224700426614268e-05 0 0 0 0 0 0 0 0 0
0 0 0 0 0 0 0 0 0 0 0 0 0 0 0 0 0 0 0 0 0 0 0 0 0 0 0 0 0 0 0 0 0 0 0 0 0 0 0 0 0 0 0 0 0 0 0 0 0 0 0 0 0 0 0 0 0 0 0 0 0 0 0 0 0 0 0 0 0 0 0 0 0 0 0 0 0 0 -0.000103893294968893 0 0 0 0 0 0 0 0 0 0 0 0 0 0 0 0 0 -8.774334760424177e-05 0 0 0 0 0 0 0 0 -3.758171447438495e-05 0 2.471466629402961e-07 0 0 0 0 0.0003901646545702321 -8.083987095644873e-05 -8.035357322920398e-05 0 0 0 0 0 0 0 0 0 0
0 0 0 0 0 0 0 0 0 0 0 0 0 0 0 0 0 0 0 0 0 0 0 0 0 0 0 0 0 0 0 0 0 0 0 0 0 0 0 0 0 0 0 0 0 0 0 0 0 0 0 0 0 0 0 0 0 0 0 0 0 0 0 0 0 0 0 0 0 0 0 0 0 0 0 0 0 0 0 0 0 0 0 0 0 0 -9.335320690082334e-05 0 0 0 0 0 0 0 0 0 -7.538077235517823e-05 0 0 0 0 0 0 0 0 0 0 -1.270734314047484e-05 -5.374685287935611e-05 0 0 -4.795039924840858e-05 -8.083987095644873e-05 0.0003639784454806899 0 0 0 0 0 0 0 0 0 0 0
0 0 0 0 0 0 0 0 0 0 0 0 0 0 0 0 0 0 0 0 0 0 0 0 0 0 0 0 0 0 0 0 0 0 0 0 0 0 0 0 0 0 0 0 0 0 0 0 0 0 0 0 0 0 0 0 0 0 0 0 0 0 0 0 0 0 0 0 0 -9.552986242701256e-05 0 0 0 0 0 0 0 0 -7.025512944955455e-05 0 0 0 0 0 0 0 0 0 0 0 0 0 0 0 0 0 0 0 0 0 0 0 0 0 0 0 0 -0.0001100673890314759 0 0 0 0 -8.035357322920398e-05 0 0.0003935353491414276 0 0 0 0 0 0 0 0 -3.732939500418054e-05 0
0 0 0 0 0 0 0 0 0 0 0 0 0 0 0 0 0 0 0 0 0 0 0 0 0 0 0 0 0 0 0 0 0 0 0 0 0 0 0 0 0 0 0 0 0 0 0 0 0 0 0 0 0 0 0 0 0 0 0 0 0 0 0 0 0 0 0 0 -5.079144519587657e-05 0 -6.688028234239829e-05 0 0 0 0 0 0 0 0 0 0 0 0 0 0 0 0 0 0 0 0 0 0 0 0 0 0 0 0 0 0 0 0 -5.585403739201595e-05 0 0 0 0 0 0 0 -2.224700426614268e-05 0 0 0 0.0001957727691964335 0 0 0 0 0 0 0 0 0
0 0 0 0 0 0 0 -7.527303457989504e-05 0 0 0 0 0 0 0 0 0 0 0 0 0 0 0 0 0 0 0 0 0 0 0 0 0 0 0 0 0 0 0 0 0 0 0 0 0 0 0 0 0 0 0 -1.752823515641077e-05 0 0 0 0 0 0 0 0 0 0 0 0 0 0 0 0 0 -5.628694573011265e-05 0 0 0 0 0 0 0 0 0 0 0 0 0 0 0 -8.056765491848258e-05 0 0 0 0 0 0 0 0 0 0 0 0 0 0 0 0 0 0 0 0 0 0 0 0 0 0 0 0 0 0 0.0003654080717633899 -4.189373821184765e-05 0 0 0 -9.385846316664121e-05 0 0 0
0 0 0 0 0 0 0 -9.198513743113304e-05 0 0 0 0 0 0 0 0 0 0 0 0 0 0 0 0 0 0 0 0 0 0 0 0 0 0 0 0 0 0 0 0 0 0 0 0 0 0 0 0 0 0 0 0 0 0 0 0 0 0 -2.517598210235325e-05 0 0 0 0 0 0 0 -0.0001060865019922869 0 0 0 0 0 0 0 0 0 0 0 0 0 0 0 0 0 0 -2.503122697948747e-05 0 0 0 0 0 0 0 0 0 0 0 0 0 0 -1.270723900915469e-05 0 0 0 0 0 0 0 0 0 0 0 0 0 0 0 -4.189373821184765e-05 0.0003680757264281191 0 0 0 0 0 0 -6.51959007018561e-05
0 -6.708470603970952e-05 0 0 0 0 0 0 0 0 0 0 0 0 0 0 0 0 0 0 0 0 0 -2.065781725766781e-05 0 0 0 0 0 0 0 0 0 0 0 0 0 0 0 0 0 0 0 0 0 0 0 0 0 0 0 0 0 0 0 0 0 0 0 0 0 0 -5.007672133122182e-05 0 0 0 0 0 0 0 0 0 0 0 0 0 0 0 0 0 0 0 0 0 0 0 0 0 0 0 0 0 0 0 0 0 0 0 0 0 0 0 0 0 0 0 0 0 0 0 0 0 0 0 0 0 0 0 0.0001953876118860871 0 -5.7568367257488e-05 0 0 0 0
0 0 0 0 0 0 0 0 0 0 0 0 0 0 0 0 0 0 0 0 0 0 0 0 0 0 0 0 0 0 0 0 0 0 0 0 0 0 0 0 0 0 0 0 0 0 0 0 0 0 0 0 0 0 0 0 0 0 0 0 0 0 0 0 0 0 0 0 0 0 0 0 0 0 0 0 0 0 0 0 0 0 0 0 0 0 0 0 0 0 0 0 0 0 0 0 0 0 0 0 0 0 0 0 0 0 0 0 0 0 0 0 0 0 0 0 0 0 0 1 0 0 0 0 0
0 0 0 0 0 0 -3.968127202136697e-05 0 0 0 0 0 0 0 0 0 0 0 0 0 0 0 0 -4.27335428505961e-05 0 0 0 0 0 0 0 0 0 0 0 0 0 0 0 0 0 0 0 0 0 0 0 0 0 0 0 0 0 0 0 0 0 0 0 0 0 0 -7.909938013139154e-05 0 0 -1.883345915121903e-05 0 0 0 0 0 0 0 0 0 0 0 0 0 0 0 0 0 0 0 0 0 -4.475677050262979e-05 0 0 0 0 0 0 0 0 0 0 0 0 0 0 0 0 0 0 0 0 0 0 0 0 0 0 0 0 0 0 -5.7568367257488e-05 0 0.0003488151805442895 0 0 0 -6.614238862959815e-05
0 0 0 0 0 0 0 0 0 -8.119952560852257e-05 0 0 0 0 0 0 0 0 0 0 0 0 0 0 0 0 0 0 0 0 0 0 0 0 0 0 0 0 -6.979978641617581e-05 0 0 0 0 0 0 0 0 0 0 0 0 -3.369007229270889e-05 0 0 0 0 0 0 0 0 0 0 0 0 0 0 0 0 0 -9.684791040208063e-05 0 0 0 0 0 0 0 0 0 0 0 0 0 0 0 0 0 0 0 0 0 0 0 0 0 0 0 0 0 0 0 0 0 0 0 0 0 0 0 0 0 0 0 0 0 0 -9.385846316664121e-05 0 0 0 0 0.0003843248474958431 0 -8.92908960971394e-06 0
0 0 0 0 0 0 0 0 0 0 0 0 0 -0.0001240266939875186 0 0 0 0 0 0 0 0 0 0 0 0 0 0 0 0 0 0 0 0 0 0 0 0 0 0 0 0 0 0 -2.653523317148389e-05 0 0 0 0 0 0 0 0 0 0 0 0 0 0 0 0 0 0 0 0 0 0 0 0 0 0 0 0 0 0 0 0 0 0 0 0 -7.800572733806035e-05 0 0 0 0 0 0 0 0 0 0 0 0 -2.447659126530775e-05 0 0 0 0 0 0 0 0 0 0 0 0 0 0 0 0 0 0 0 0 0 0 0 0 0 0 0 0.0003801787126630976 1.356077240362479e-06 0
0 0 0 0 0 0 0 0 0 -8.675485067068774e-05 0 0 0 -5.594452935023174e-05 0 0 0 0 0 0 0 0 0 0 0 0 0 0 0 0 0 0 0 0 0 0 0 0 0 0 0 0 0 0 0 0 0 0 0 0 0 0 0 0 0 0 0 0 0 0 0 0 0 0 0 0 0 0 0 -1.760451322557454e-05 0 0 0 0 0 0 0 0 -7.134188831796695e-05 0 0 0 0 0 0 0 0 0 0 0 0 0 0 0 -9.350387535881616e-05 0 0 0 0 0 0 0 0 0 0 0 0 0 0 0 0 0 0 0 -3.732939500418054e-05 0 0 0 0 0 0 -8.92908960971394e-06 1.356077240362479e-06 0.0003700520642968091 0
0 0 0 0 0 0 -8.068522737933112e-05 0 0 0 0 0 0 0 0 0 0 0 0 0 0 0 0 0 0 0 0 0 0 0 0 0 0 0 0 0 0 0 0 0 0 0 0 0 0 0 0 0 0 0 0 0 0 0 0 0 0 0 -3.378472006667089e-05 0 0 0 0 0 0 0 -6.66101811370781e-05 0 0 0 0 0 0 0 0 0 0 0 0 0 0 0 0 0 0 0 0 -3.980967447593972e-05 0 0 0 0 0 0 0 0 0 0 0 0 0 0 0 0 0 0 0 0 0 0 0 0 0 0 0 0 0 -6.51959007018561e-05 0 0 -6.614238862959815e-05 0 0 0 0.0003522280923904741
