125 1
1.308847466590741e-06
2.61769525667441e-06
0.006737946999085467
2.617694421778834e-06
2.617694256691358e-06
2.617697241870728e-06
0
0
0.006737946999085467
0
2.617690253553555e-06
5.078742277636098e-07
2.617695021954332e-06
0
0
0
0
0
2.617696526203776e-06
0
1.219665824481928e-06
0
0
0
0.006737946999085467
0
0
0
0
0
0
2.617694944600167e-06
0.006737946999085467
0
0
0
8.170399119265178e-08
5.880197831671481e-07
0
0
0
0
2.617692447265883e-06
0
4.551616112536823e-07
0
0
0
0
0
0
0
0
0
0
0
0
0
0
0
0
0
2.617693634537563e-06
0.006737946999085467
0.006737946999085467
2.617695562761169e-06
0
2.617695273498978e-06
2.617695562761169e-06
0
2.617696757080741e-06
2.617690253553555e-06
2.617696526203776e-06
2.617694421778834e-06
2.61769629290718e-06
0.006737946999085467
0.006737946999085467
2.617694944600167e-06
0
0.006737946999085467
2.617695273498978e-06
1.083532007871573e-06
3.165530614124078e-06
2.617697241870728e-06
2.61769629290718e-06
0
0
0
6.658676384892071e-07
5.730268525626257e-07
0
2.617692447265883e-06
2.617694219365588e-06
0
0
2.61769525667441e-06
0
0
0.006737946999085467
6.79327788953076e-07
0
0.006737946999085467
6.447689873545921e-07
0
0
0
0
0
0
2.617694256691358e-06
0
0
0
0
0
2.617693634537563e-06
0
0
2.617696757080741e-06
0.006737946999085467
0
0
8.657624763063125e-07
0
0
