5000 1
5 
-10 
7 
5 
-9 
10 
-4 
1 
10 
-6 
-8 
-10 
5 
-3 
-9 
-7 
8 
-2 
-1 
3 
10 
-1 
1 
3 
2 
4 
10 
1 
5 
6 
-5 
1.41114e-11 
2 
-9 
-4 
6 
4 
-2 
7 
-1 
4 
1 
-10 
-8 
6 
5 
5 
4 
-7 
3 
8 
3 
3 
-6 
-9 
5 
-1 
4 
9 
-5 
9 
-3 
-7 
-1 
4 
-8 
7 
9 
-8 
-9 
8 
4 
6 
4 
-4 
-10 
4 
-7 
1 
-7 
8 
3 
-7.32533e-11 
4 
-8 
-7 
4 
-3 
-10 
10 
-5 
-3 
8 
-7 
7 
-8 
-9 
5 
-8 
-4 
9 
-5 
-2.99017e-11 
3 
-1 
9 
-2 
-6 
7 
9 
-4 
9 
7 
10 
6 
-5 
2 
1.07349e-10 
-5 
-2 
-2 
-6 
-1 
-8 
8 
5 
2 
2 
-10 
7 
-4 
3 
-9 
-7 
1 
-10 
-8 
-7 
-9 
6 
7 
-6 
5 
-10 
-3 
-6 
-3 
6 
3 
-3 
-8 
5 
10 
4 
5 
6 
5 
3 
-9 
-3 
10 
2.68969e-11 
6 
-8.07056e-11 
6 
-9.14262e-11 
-10 
1 
4 
-8 
-2 
9 
1 
5 
7 
-10 
-7 
-10 
-5 
6 
-9 
-7 
-3 
7 
-4 
1.21546e-10 
-10 
-1 
-8 
-6 
-4 
3 
-10 
4 
5 
3 
2 
9 
-2.49891e-11 
-1 
-2 
6 
-9.21533e-12 
9 
-5 
9 
-8 
-10 
-9 
5 
-1 
-1 
6 
-7 
4 
5 
-5 
-2 
8 
-10 
-1 
8 
3 
5 
-6 
7 
-8 
-6 
5 
3 
5 
5 
4 
-2 
1 
-1 
6 
-5 
-6 
8 
-3 
2 
-7.70242e-13 
-7 
-4 
8 
-2 
-4 
1 
10 
-10 
1 
-4 
1.77737e-11 
3 
-10 
9 
3 
-8 
1 
-5 
1.18553e-10 
-10 
-8 
5 
10 
-7 
6 
-10 
1 
-6 
9 
7 
1 
-2 
-10 
-3 
7 
8 
5 
10 
5 
-6 
-8 
10 
7.88198e-13 
2 
-8 
-1 
10 
5 
9 
-8 
7 
-1 
-7 
-9 
-8 
4 
-5 
5 
-8 
-3 
8 
-9 
10 
-2.5137e-11 
-3 
-7 
7 
-3 
-1 
7 
-4 
6 
7 
2 
-1.7844e-11 
1 
-2 
-2 
3 
-9 
-4 
-1 
8 
-7 
9 
-1 
6 
3 
-10 
9 
-6 
-9 
-5 
-8 
-6 
-6 
-2 
-10 
-7 
9 
-2 
-4 
-5 
6 
3 
-8 
-4 
3 
-10 
8 
-4 
-1 
-9 
-5 
-9 
-4 
6 
-2.3298e-11 
-6 
-1 
-2 
-4 
-9 
4 
-10 
3 
-10 
-3 
-1 
-8 
6 
3 
10 
3 
-5 
-3 
-5 
-2.44507e-11 
7 
2.27125e-11 
-8 
6 
1 
-7 
6 
-3 
4 
5 
5 
-10 
1 
2 
-7 
7 
10 
-7 
4.70316e-11 
-6 
9 
-1 
10 
-9 
5 
6 
7 
5 
9 
2 
3 
10 
-5 
5 
-2 
-10 
1 
-1 
4 
6 
6 
1 
8 
10 
-2 
5 
-5 
5.80147e-11 
5 
-8 
-10 
4 
-10 
-10 
-1 
10 
-5 
8 
7 
1 
10 
-10 
2 
8 
10 
-4 
-3 
2 
-5 
6 
-3 
-1 
-3 
-7 
10 
5 
-6 
-3.46288e-11 
-1 
7 
4 
9 
-2 
3 
4 
4 
1 
-10 
-7 
4 
-5 
9 
3 
1 
7 
2 
1 
-8 
-4 
10 
-2 
10 
-5 
-3 
9 
6 
5 
8 
7 
-8 
-9 
1 
-3 
6 
6 
4 
6 
3 
-1 
-3 
5 
-6 
-10 
4 
2 
5 
-10 
-7 
3 
9 
6 
-4 
2 
2 
4 
-10 
-7 
-6 
9 
3 
-5 
-3 
10 
-6 
-8 
9 
-8 
-3 
10 
-7 
-10 
-2 
6 
10 
-5.70183e-12 
5 
-4 
-9 
1 
-1 
2 
6 
9 
3 
-8 
6 
8 
-5 
-7 
10 
3 
10 
-8 
4 
9 
9 
-7 
-4 
2.02317e-11 
5 
-3 
10 
-9 
1.09567e-10 
-7 
-5 
5 
1 
-1 
-1 
-4 
-3 
10 
6 
-7 
7 
-1 
-6 
1.66131e-11 
-10 
-3.13214e-11 
-7 
-8 
2 
9 
-3 
8 
4 
-1 
5 
-2 
-9 
-10 
1 
10 
-7 
8 
-2 
1 
-7 
-9 
-4 
6 
2 
8 
-1 
-8 
10 
-7 
-5 
-1 
-9 
1 
-5 
6.67353e-13 
-7 
2 
4 
7 
-2.72555e-11 
4 
3 
-10 
-10 
2 
-1 
-7 
-6 
-4 
-8 
3 
-3 
4 
1 
7 
2 
-1 
7.06992e-11 
-1.7439e-11 
-3 
7 
3 
9 
9 
-3 
2 
7 
8 
-9 
9 
9 
-1 
-6 
3 
-8 
5 
-6 
-7 
7 
-6 
-1.7455e-11 
-4 
-1 
-2 
1 
-4 
8 
-7 
1 
-3 
2 
9 
1 
1 
7 
8 
7 
10 
3 
-2 
3 
-7 
-7 
-7 
9 
3 
-3 
-9 
-2 
-4 
-8 
-6.06746e-12 
-2 
-9 
-8 
-1 
-10 
1 
3 
-7 
-7.66835e-12 
5 
6 
2 
-4 
1 
3 
4 
9 
1 
-4 
3 
-1 
-9 
7 
5 
-3 
8 
5.20425e-11 
9 
8 
5 
-5 
7 
-6 
-6 
7 
-7 
-2 
1 
-6 
-4 
9 
10 
10 
-3.88002e-11 
9 
-3 
-7 
-1 
-2 
-8 
-2 
8 
8 
-8 
6 
-5 
3 
-2 
-3 
8 
2 
-10 
-7 
2 
4 
-8 
6 
-5 
4 
-3 
-6 
-4 
-5 
2 
9 
6 
-7 
5 
5 
7 
-8 
4 
3 
-3 
9 
-4 
4 
-8 
-3 
-8 
-4 
1 
3 
2 
-10 
-5 
-1 
7 
2 
1 
7 
-6 
-2 
-9 
-6 
-8 
-7 
-3 
2 
3 
-10 
1 
7 
-5 
9 
-1 
5 
-9.14682e-11 
-4 
8 
-4 
-1.19397e-10 
-9 
-9 
10 
8.4461e-11 
4 
8 
-1 
1 
-3 
6 
2 
6 
5 
1 
-6 
7 
8 
-7 
-1 
-8 
-3 
6 
2 
1 
-1 
8 
-10 
-5 
2 
4 
8 
-9 
-7 
1 
-9 
-8 
3 
-4 
4 
4 
-1 
-3.9989e-11 
2 
-10 
-1.04433e-10 
6 
10 
-8 
-3 
-2 
4 
4 
1 
7 
3 
-10 
-5 
-7 
-6 
1 
4 
-4.87739e-11 
7 
-3 
-4 
9 
7 
-6 
-3 
1 
5 
-3 
3 
-4 
4 
9 
5 
-4 
4 
-2 
-8 
1 
-3 
7 
8 
-6 
9 
6 
-5 
10 
-8 
1 
-9 
3 
-9 
-1 
-7 
-5 
1 
3 
-10 
-7 
7 
1 
-4 
-2 
1 
-2 
-1 
6 
-2.55458e-11 
-2 
9 
-2 
1.43757e-11 
-7 
-2 
-8 
-8 
6 
5 
2 
10 
-7 
-5 
3 
8 
10 
-1 
1 
-9 
-10 
-9 
-10 
-3 
4 
5 
3 
-3 
5 
1 
-1 
10 
-9 
2 
4 
10 
8 
-6 
-6 
10 
-7 
-9 
-6 
-5 
-6 
5 
6 
7 
-9 
2 
-10 
5.72713e-11 
-5 
10 
2 
-3 
-6 
-6 
5 
6 
3 
4 
9 
5 
-1 
-5 
9 
-2 
-7 
-3 
2.7078e-11 
-5 
-2 
-2 
5 
6 
-6 
1 
10 
-8 
5 
-3 
-10 
6 
5 
-1 
8 
9 
-1 
2 
-3 
9 
-1 
10 
-2 
2 
4 
4 
8 
-9 
4 
3 
5 
10 
-8 
6 
-1 
-1 
-8 
7.45253e-11 
8 
1 
3 
-2 
2 
-2 
-2 
2 
-8 
-10 
-7 
5 
-5.84944e-11 
-7 
4 
10 
-1 
3 
4 
5.58634e-11 
6 
4 
9 
6 
4 
-5 
-1 
10 
1 
7 
3 
-5 
8.31079e-11 
-10 
-3 
8 
9 
-6 
8 
5.39548e-11 
6 
-6 
-7 
6 
1 
6 
4 
6 
-3 
-2 
3 
1 
-10 
9 
-1 
-2 
9 
-8 
-9 
3 
-8 
7 
4 
-1 
-9 
-1 
1 
10 
-9 
6 
7 
-5 
-3 
-2 
7 
6 
-6 
9 
6 
-8 
6 
-10 
-9.10725e-11 
-9 
-7 
-7 
4 
-10 
7 
-10 
-6 
1.97948e-11 
-7 
2 
5 
-7 
4 
-10 
9 
-5 
-7 
9 
-2 
-2 
-6 
-2 
2 
7 
-2 
8 
1 
4.15277e-11 
5 
-3 
9 
-10 
-4 
9 
-3 
-10 
-4 
-3 
-5 
-2 
5 
1 
-2 
3 
-7 
4 
-2 
7 
6 
10 
-6 
7 
6 
-8 
10 
-5 
3 
-6 
-1.24309e-10 
-5 
-6.28479e-11 
2 
-2.34189e-11 
3 
-10 
-7.82515e-12 
8 
-4 
5.95082e-11 
-4 
9 
4 
1 
-8 
-5 
-10 
10 
4 
-5 
8 
-1 
-8 
4 
-1 
-10 
-2 
3 
10 
-3 
1 
7 
7 
7 
-10 
6 
-8 
-6 
5 
6 
-5 
10 
1 
-5.47202e-11 
-8 
-4 
5 
-2 
-8 
3.18221e-11 
-10 
-5 
6 
2 
-1 
-9 
-9 
4 
-3 
9 
2 
-7 
-2 
7 
8 
-10 
9 
-8 
8 
-2.23377e-11 
7 
-2 
-5 
4 
-1 
-6.10264e-11 
10 
5 
10 
1 
-2 
5 
-2 
9 
8.19358e-11 
4.60224e-11 
-2 
4 
-7 
5 
-2 
-9 
1 
-1 
8 
6 
-10 
-2 
2 
10 
9 
-8.88159e-13 
1 
-3 
-4 
-10 
-10 
4 
9 
-10 
10 
6 
-8 
-9 
9 
-4 
-7 
6 
10 
8 
5 
2 
7 
8 
-1 
6 
1 
2 
-2.2087e-11 
-2 
-4 
-9 
-3 
9 
-7 
5 
4 
-3 
-5 
9 
3 
-7 
-4 
-10 
-8 
7 
6 
1 
8 
2 
3 
4 
8 
-6 
-6 
9 
9 
-1 
-8.74909e-12 
-1 
2 
4 
-8 
10 
-1 
1 
-7 
-2 
-9 
-5 
4 
6 
-4 
10 
9 
-4 
2 
2 
-1.5473e-10 
-2 
2 
-1 
9 
-10 
5 
-2 
2 
6 
4.69871e-11 
-9 
-9 
-9 
5 
-8 
7 
7 
3 
-6 
-6 
-1 
-8 
1 
-10 
-9 
-5 
-7 
-9 
3.69087e-11 
-9 
8 
3 
6 
3 
-8 
-7 
6 
3 
2 
-6 
2 
-2 
4 
3 
-10 
1 
5.66449e-11 
9 
6 
-3 
10 
5 
6 
8 
-10 
2 
8 
-7 
-9 
-6 
-9 
-9 
-7 
-1 
10 
8 
2 
-3 
-5 
-1 
-2 
-2 
4 
2 
9 
-8 
5 
-1 
-3 
9 
-8 
-1 
4 
-6 
1 
-3 
9 
9 
9 
-9 
2 
4 
2.62718e-11 
-4 
-2 
-3 
9 
-8 
-7 
7 
4 
-3 
-2 
-3 
6 
6 
7 
4 
-3 
-9 
-9 
2 
8 
-1 
1 
-9 
-1 
10 
-9 
-9 
9 
9 
-4 
1.09066e-11 
7 
8 
5 
-5 
7 
9 
7 
3 
10 
-6 
-4 
3 
1 
-1 
1 
-9 
-4 
5 
10 
-1 
8 
-5 
-4 
7 
-2 
-5 
3 
-10 
-7 
4 
-3 
-2 
-5 
-8 
1 
10 
-3 
5 
-5 
7 
2 
-7 
-10 
8 
-5 
-10 
-5 
1 
-8 
4 
5 
2 
2 
-5 
-5 
-6 
5 
2 
8 
-6 
10 
5 
-7 
-5 
5 
-8 
-7 
-3 
-5 
9 
3 
-10 
-9 
-6 
-10 
-5 
6 
-7 
1 
-9 
4 
5 
-2 
-8 
4 
-10 
-3 
10 
9 
5 
-10 
-4 
-1 
9 
10 
-2 
2 
-8 
7 
-8 
1 
-9 
-3.99485e-12 
-3 
3 
-1 
-1.43008e-11 
10 
-6.69719e-11 
7 
-3 
10 
4 
-6 
5 
-6 
5 
-8 
-3 
-3 
-5 
-2 
-1 
-5 
-1.50133e-11 
9 
7 
-6 
9 
-8 
6 
-9 
1 
-8 
8 
2.62994e-12 
8 
1 
2 
-1 
4 
-4 
1.57419e-10 
-3 
-5 
5 
8 
-6 
5 
4 
7 
-4 
8 
-1 
-9 
3 
-8 
-2 
-10 
-7 
8 
-5 
-10 
7.02854e-12 
4 
4 
-2 
-6 
6 
-9 
-1 
-2 
1 
-9 
4 
-7 
10 
-3 
-4 
-2 
-9 
-10 
-4 
7 
4 
5 
-9 
-3 
-6 
7 
1 
10 
-5 
10 
5 
-3 
-1 
-10 
2 
5 
7 
9 
-10 
-4.85642e-11 
6 
10 
6 
8 
-3 
-9 
8 
-6 
-1 
9 
-3 
-5 
-10 
-5 
-1 
1 
-9.86709e-12 
-8 
-5 
-5 
-7 
-7 
8 
5 
2 
7 
7 
-6 
9 
-1.29562e-12 
-10 
-4 
-2 
3.57628e-11 
-9 
7 
7.82394e-13 
4 
10 
-2 
-1 
-4 
1 
10 
1 
8 
-7 
4 
9 
4 
-2 
-4 
-8 
-3 
-7 
5 
-3 
-7 
-7 
4.27823e-12 
6 
-1 
-6 
-2 
-10 
-7 
5 
-7 
4 
5 
-9 
-9 
9 
-9 
-9 
-9 
8 
-4 
5 
4.71672e-11 
9 
1 
9 
7 
8 
-8 
-2 
-7 
10 
-8 
4 
-6 
-8 
-5 
-8 
-10 
1.01282e-10 
9 
-2 
-9 
1 
-7 
-2 
9.01925e-11 
5 
2 
-2 
9 
-3 
-6 
-3 
2 
8 
-6 
8 
2 
9 
-2 
-5 
4 
-7 
3 
8 
8 
6 
6 
8 
-9 
7 
-8 
-1 
5 
-6 
8 
-9 
-6 
-3 
8 
2 
-6 
-7 
10 
8 
6 
10 
4 
-4 
-9 
1.91472e-11 
-5 
-10 
-10 
8 
-3 
-8 
4 
-2 
7 
5 
7.13759e-11 
-5 
6 
3 
-5 
10 
8 
-3 
-8 
-10 
-8 
-8 
2 
-6 
10 
-1 
-2.72976e-11 
-10 
-8 
1 
7 
-3 
-1.00407e-10 
4 
2 
8 
6 
-6 
-1 
8 
1 
5 
-2 
4 
-2 
10 
-9 
8 
7 
8 
-10 
8 
-6 
6 
3 
4.17621e-11 
-6 
-10 
-3 
-3 
8 
8 
9 
8 
3 
10 
9 
4 
-5 
-6 
-10 
1 
-4 
-1.48125e-11 
8 
-3 
4 
6 
1 
10 
-5 
-6 
-6 
-9 
-2 
-2 
3 
2 
7 
5 
7 
-7 
-9 
-8 
-5 
10 
-1 
-2 
1 
6 
7 
8 
-8 
2 
-9 
-5 
10 
-10 
-8 
10 
5.9804e-12 
-6.13386e-11 
-10 
-1 
4 
1.31578e-10 
-7 
4 
1 
-8 
5 
-3.98427e-11 
-2 
5 
3 
-9 
-5 
-4 
-5 
-3.46778e-11 
7 
-6 
-9 
-2 
-4 
5 
-6 
2 
-4 
9 
7 
-4 
2 
-3 
-3 
-7 
-7 
5 
6 
2 
7 
5 
-1 
5 
8 
1 
5.13426e-11 
-1 
8 
-9 
8 
9 
10 
9 
3 
-5 
-6 
-2 
-3 
-5.26384e-12 
3 
10 
-5 
-2 
-8 
-2 
8.13234e-11 
-1 
-1 
10 
3 
-8 
-8 
1 
3 
-2 
10 
-2 
9 
5 
8 
-9 
3 
-3 
9 
10 
-10 
2 
-10 
10 
8 
1 
7 
-5 
2 
2 
2 
-5 
-9 
1 
10 
-7 
4 
-8 
-2 
9 
4 
-7 
-7 
-3 
-4 
10 
8 
10 
8 
10 
1 
-5 
7 
1 
-5 
9 
6 
-1 
-8 
-2 
6 
-8 
-3 
-10 
10 
10 
-2 
-5 
-9 
-6 
10 
-9 
7 
9 
-5 
-4.00757e-11 
5 
2 
-9 
-3 
-10 
-6 
8 
2 
-6 
-6 
9 
-9 
-1 
3 
-1 
9 
-2 
5 
9 
-7 
-5 
-6 
-10 
7 
-6 
9 
1 
9 
-8 
5 
3 
-7 
-3 
4 
2 
9 
-4 
-6 
9 
-7 
8 
-6 
9 
-5 
7 
-8 
2 
10 
-7 
1 
-6 
-3 
-10 
7 
-1 
6 
1 
-5 
2 
2 
10 
4 
5 
8 
1.91858e-11 
-4 
-4 
-10 
4 
2 
10 
-3 
-9 
-10 
-4 
-6 
4 
3 
3 
7 
-8 
6 
-2 
2 
-10 
-1 
-1 
-7.15551e-11 
8 
-5 
-6 
3 
8 
-6 
7.08639e-11 
-5.36232e-11 
2 
-2 
5.02414e-11 
-9 
-8 
8 
-6 
2.43757e-14 
-1 
-2 
4 
5 
-2 
4 
6 
-1 
4 
-8 
9 
-9 
8 
1 
9 
7 
5 
1 
1 
3 
5 
-3 
-6 
3.43909e-11 
-8.90024e-11 
-5 
-4 
2 
5 
10 
9 
-3.6678e-11 
10 
-8 
-1 
8 
10 
7 
6 
-10 
-6 
-5.81431e-11 
-9 
-10 
4.79062e-11 
10 
6 
-6 
4 
2 
3 
6 
2 
7 
8 
-2 
5 
6 
-4 
6 
-5 
10 
-10 
2 
4 
-7 
4 
5 
-4 
8 
6 
2 
1 
-6 
-1 
-7 
-2 
-9 
-3 
4 
7 
-2 
1 
6 
4 
10 
2 
3 
-5 
-10 
-5 
-10 
-3.91016e-11 
-8 
1 
-6 
3 
6 
4 
4 
3.4025e-11 
-5 
-6 
-2 
10 
-2 
4 
-3 
9 
5 
-4 
2.264e-11 
10 
8 
-1 
-4 
4 
-7 
2 
-6 
9 
7 
-10 
8 
-4 
4 
-9 
-4 
8 
-7.72766e-11 
5 
2 
-2 
2 
3 
-10 
-9 
4 
-10 
-4.33192e-11 
8 
3 
6 
-5 
-10 
-9 
9 
-2 
-2 
-9 
2 
-10 
1 
-5 
-9 
5 
-2 
6 
10 
3.2906e-12 
-6 
4 
10 
1 
-2 
9 
-7.28275e-11 
-1 
-5 
5 
-4 
9 
-6 
3 
3 
9 
-2 
6 
4 
-3 
3 
7 
7 
-4 
-2.66428e-11 
1 
8 
-5 
-7 
8 
1 
-4 
-7 
-7 
-1 
-10 
-4 
-4 
9 
-4 
-1 
9 
10 
8 
-3 
-1 
-7 
-2 
-4.67292e-11 
-5 
-2 
10 
6 
2 
-7 
7 
-7 
10 
-5 
6 
-3 
-1 
9 
-2 
-6 
-8 
-10 
4 
9 
8 
-9 
-9 
2 
9 
-5 
6 
-10 
-8 
7 
5 
5 
-10 
-6 
-4 
8 
4 
-4 
-9 
5 
4 
8 
8 
4.65718e-11 
1 
-6 
7 
-10 
-7 
7 
-5 
-4 
-4 
5 
-6 
5 
9 
-9 
8 
8.46975e-11 
3 
10 
-3 
-4 
-2 
10 
-1 
4 
4 
7 
5 
6 
8 
-1 
-9 
1 
3 
5 
-6 
5 
-9 
-9 
-4 
-10 
6 
-9 
5 
-9 
8 
-3 
1 
8 
-2 
-8 
5 
-2 
6 
8 
-6 
-10 
6 
-6 
-9 
7 
6 
-6 
-9.75678e-11 
6 
7 
-1 
7 
3 
4 
1 
-2 
-10 
-9 
2 
9 
-1 
3 
-6 
-10 
9 
2 
9 
2 
1 
7 
-9 
-2 
-4 
-8 
3 
-5 
9 
-5.65334e-11 
-6 
4 
-8 
2 
-8 
-4 
-4 
2 
5 
10 
-1 
1 
3 
6 
5 
-5 
9 
-7 
-10 
-10 
-4 
5 
-4 
8 
7 
9 
-1 
-5 
7 
8 
10 
5 
4 
1.40871e-11 
6 
-3 
6 
7 
2 
-8 
3 
-8 
-9 
-7 
-9 
6 
6 
5 
2 
7 
-8 
-9 
-1 
6 
-5 
4 
-8 
1 
2 
-8 
2.83627e-11 
-9 
-3 
-1.34267e-11 
3 
-8 
7 
5 
7 
-9 
-8 
7 
-2 
10 
-3 
-10 
9 
-2 
7 
6 
10 
-9 
9 
-6 
10 
9 
3 
-5 
-2 
-2.56329e-11 
2 
-5 
-2 
6 
5 
-6 
-1 
-1 
-6 
5 
7 
-2 
-10 
7 
-7 
-7 
9 
-10 
2 
-1 
5.31267e-11 
-8 
-2 
-2.03158e-11 
-4 
3 
-6 
-7 
3 
-7 
7 
-8 
8 
9 
2 
-8 
-9 
1 
-1 
-9 
-6 
4 
8 
-6 
6 
-1 
-5 
3 
3 
10 
10 
-2 
4 
4 
7 
1 
-7 
7 
7 
-9 
8 
1 
9 
-3 
-8 
1 
-2 
-8 
7 
3 
10 
7 
8 
-8 
1 
-1.35477e-10 
-6 
-6 
10 
2.60271e-11 
-5.56439e-11 
-7 
5 
6 
-6 
-2 
-6 
9 
3 
4 
9 
6 
7 
3 
-3 
-6 
-8 
-5 
-3 
2 
-5 
2 
-9 
6 
2 
6.3246e-11 
-5 
3 
1 
1 
-2 
5 
-4 
1 
-1 
-7 
-8 
-3 
5 
-8 
6 
-10 
1 
6 
-7 
-3 
10 
-4 
4 
-6 
8 
-10 
-4 
2 
8 
-8 
1 
6 
6 
-7 
-2 
6 
-7 
9 
-1 
8 
7 
9 
2 
8 
1 
5 
-9 
3 
9 
4 
-2 
-10 
-7 
-8 
-8 
8 
-1 
-7 
-3 
1.18498e-11 
1 
-5 
7 
4 
2 
-6 
4 
-7 
6.30616e-11 
-4 
-3 
-3 
5 
-9 
2 
-7 
-10 
-2 
9 
-8 
-2 
8 
6 
9 
-10 
3 
7 
10 
5 
3.01489e-11 
-1 
-3 
-4 
6 
-10 
-10 
5 
-9 
-3.66082e-11 
-5 
-7 
5 
2 
1 
10 
-9 
-2 
-9 
4 
2 
-7 
-3 
6 
6 
8 
10 
-5 
1 
-1 
-2 
7 
4 
-4 
-3.1702e-11 
-4 
-8 
8 
-6.41682e-11 
7 
2 
5 
3 
-9 
-2.68437e-11 
-4 
-4 
3 
5 
-9 
8 
4 
4 
-6 
-2 
-7 
10 
-5 
5 
-10 
1 
5 
-8 
-10 
4 
8 
7 
5 
1 
-7 
-8 
5 
-8 
-6 
5 
-9 
-10 
6 
7 
10 
-10 
-4 
-8 
-10 
9 
8 
-8 
-3 
-2 
7 
10 
-4 
8 
1 
-6 
-10 
-4 
5 
-4 
2 
-8 
7 
-1 
-3 
3 
-8 
-9 
9 
-3 
3 
-2 
10 
-5 
4 
-1 
-7 
-3 
-3.09184e-11 
2 
4 
-5 
4 
1 
-10 
-5 
10 
-7 
-5 
-9 
-7 
3 
-7 
-4 
7 
-8 
7.58632e-11 
6 
-3 
-5 
-8 
6 
-3 
5 
2 
8 
-7 
2 
-3 
4 
9 
9 
5.73628e-11 
-3 
8 
5 
6 
3 
-9 
9 
-10 
5 
10 
9 
-4 
-10 
-9 
4 
-4 
5 
-10 
6 
4 
9 
3 
-7 
-7 
4 
-8 
-5 
-8 
6 
8 
-1 
-5 
-8 
9 
8 
-6 
5 
3 
-1 
4 
-10 
1 
1 
6.1489e-11 
-6 
10 
-5 
-8 
1 
3.88922e-11 
-1 
-8 
3 
1 
3 
-2 
7 
-5 
-7 
-4 
-9 
-2 
-3 
-3 
-3 
-7 
10 
6 
-4 
-4 
1.80272e-11 
10 
5 
-10 
-3.64433e-12 
2 
-6 
5 
7 
1 
6 
8 
4 
-6 
2 
-8 
-4 
-7 
8 
-3 
10 
2 
5.30789e-11 
1 
1 
-2 
-2 
1 
-2 
-7 
-10 
-8 
-4 
10 
3 
8 
-6 
10 
3 
1 
-7 
-5 
9 
8 
-8 
9 
-2 
-6 
-1 
1 
3 
-3 
-4.04147e-11 
3 
-5 
-6 
1 
2 
5 
1 
-4 
8 
-9 
-6 
8 
-4 
-6 
-2 
-10 
1.52041e-11 
3 
3 
-4 
9 
4 
-8 
-3 
8 
-9 
8 
6.41125e-11 
2 
9 
-9 
-8 
-10 
7 
-4 
-9 
3 
7 
4 
1 
-8 
-9 
3 
7 
-5 
6 
-7 
7 
-4.31974e-11 
9 
8 
10 
5 
-2 
7 
-5 
-7 
-2.9022e-11 
-4 
3 
-9 
7 
-4 
6 
4.23502e-11 
-1.31308e-10 
-2 
7 
-7 
-9 
-6 
8 
-1 
3 
6 
-8 
6 
2 
-8 
-7 
5 
9 
8 
6 
-1 
5 
-10 
-10 
-3.99247e-11 
-7 
-8 
-7 
6 
-2 
-2 
2 
8 
-7 
-6 
-8 
-3.80002e-11 
-8 
3 
-4 
-2 
3 
-6 
-3 
2 
-10 
-2 
4 
7 
-3 
-8 
-10 
6 
-5 
10 
-5 
2 
5 
-1 
10 
8 
-8 
-9 
3 
4 
-6 
-3 
4 
3 
-8 
-4 
7 
-6 
-2 
-5 
-1 
-3 
-7 
9 
5 
6 
7 
-7 
2 
-6.74873e-11 
-3 
-4 
10 
-9 
-10 
2 
2 
10 
-6 
9 
-7 
-6 
1 
9 
1 
-5 
5 
-1 
2 
-9 
-4 
-4 
-4 
6 
-9 
1 
4 
4 
6 
4 
-1 
-7 
4 
-7 
5 
-8 
1 
-4 
5.95402e-11 
4 
-6 
-5 
-1 
2 
1 
2.35277e-13 
1 
4 
10 
1 
-5 
1 
2 
6 
-4 
6 
-9 
-4 
-7 
-5 
7 
8 
5 
6 
-8 
-7 
-3 
-5 
3 
8 
-8 
-6 
6 
1 
-9 
9 
6 
6 
9 
5 
-3 
10 
-2 
-6 
-4.78425e-11 
1 
-8 
-4 
-3 
-9 
1 
1 
-9 
-6 
-7 
-1 
1 
-1 
-1.50456e-11 
-8 
-6 
-9 
-3 
-10 
4 
2 
-6 
-8 
2 
3 
-6 
10 
7 
-7 
-2 
-9 
-8 
-8 
8 
-3 
-8 
6 
9 
-5 
-1 
3 
-1 
4 
10 
5 
1 
9 
5 
-10 
1 
-9 
-1 
-4 
-2 
-8 
6 
3 
5 
-7 
-8 
7 
-3 
-9 
3 
10 
-5 
-2 
-2 
6 
-3 
7.5025e-12 
10 
1 
-3 
-5 
-6 
-1 
-10 
2 
10 
7 
-9 
-6 
10 
8 
7 
6 
-8 
9 
7 
-1 
5 
-9 
3 
-2 
-1 
-10 
-3 
4 
7 
-7 
-5 
-3 
1 
-2 
1 
-1 
-10 
3 
8 
-2 
-5 
-4 
10 
1.5261e-11 
-6 
2 
8 
-1 
4.35759e-11 
6 
-2 
-3 
6 
6 
-2 
-6 
-3 
-2 
-2.61753e-11 
3 
8 
-6 
-5.30784e-11 
1 
6 
2 
3 
-10 
7 
6 
-3 
2 
-5 
-1.39671e-10 
-9 
1 
7 
8 
4 
6 
7 
-8 
-9 
-1 
2 
-3 
4 
-1.34851e-11 
-2 
-10 
-1 
3 
10 
7 
-5 
7 
-6 
-5 
10 
-10 
-10 
4 
-4 
9 
5 
4 
4 
2 
4.61646e-12 
9 
-3 
-6 
2 
7 
10 
-1.74041e-10 
-5 
9 
-3.19242e-12 
4 
8 
-2 
-7 
-3 
8 
-6 
1 
7 
5.96474e-11 
5 
7 
2 
-6 
-2 
-9 
1 
8 
-8 
-7 
-3 
7 
8 
-1.52958e-12 
1 
-9 
-6 
3 
5.57555e-11 
3.87427e-11 
4 
4 
-2 
-10 
-3 
4 
-10 
1 
9 
4 
-8 
-8 
-3 
5 
4.41844e-11 
10 
-5 
-2 
-8 
6 
-9 
-5 
4 
-9 
6.18967e-11 
-1 
-9 
8 
-5 
-9 
-7 
4 
-1.91897e-11 
2 
-4.07706e-11 
9 
10 
3 
-8 
1 
9 
6 
-5.42131e-11 
-5 
4 
8 
3 
-9 
4 
-4 
1 
-9 
-10 
-3 
-6 
-5 
6 
-4 
4 
2 
1 
-2 
-6 
-6 
-7 
4.3883e-11 
8 
3 
10 
2 
-2 
3 
2 
-5 
-9 
-4 
4 
-2 
3 
-10 
-9 
-6 
3 
10 
7 
-4 
-2 
-1.25061e-11 
-1 
7 
2 
-6 
7 
5 
-3.27791e-11 
6 
9 
10 
-6 
2 
-1 
-2.47008e-12 
8 
-2.51024e-12 
-2 
1 
2 
3 
-8 
2 
-4 
-5 
-9 
8 
2 
8 
2 
8 
4 
-8 
7 
10 
-10 
2 
-6 
10 
-10 
6.02442e-11 
-9 
-10 
5 
8 
7 
-10 
-7 
3 
3 
-5 
-2 
8 
-5 
8.67802e-12 
7 
-7 
9 
-3 
7 
-4 
2 
4.27579e-11 
4 
9 
-5 
4 
3 
-4 
2.90392e-12 
-5 
-8 
8 
-7 
5 
2 
7 
-6.10972e-11 
-3 
5 
-3.40308e-11 
-2 
8 
-7 
-9 
1.41555e-11 
3 
-6 
-2.66147e-11 
-6 
-8 
5 
-1 
-5 
1 
-1 
8 
3 
-8 
-8 
8 
-9 
-1 
-7 
-6 
1.31938e-10 
10 
-8 
-5 
10 
-6 
-7 
-10 
1 
-6 
5 
-1 
10 
4 
4 
-3 
3 
-9 
4 
4 
-1 
3 
-5 
8 
4 
7 
9 
2 
-2 
1 
6 
-10 
-6 
-10 
-9 
-4 
1 
4 
5 
8 
4 
8 
-7 
8 
-8 
-10 
9 
3 
-4 
-8 
8 
5 
-10 
6 
-2 
9 
7 
-2 
1 
-8 
-8 
-5 
2 
-3.88946e-11 
-6 
4 
10 
3 
6 
-3 
-2 
6 
-2 
-9 
6 
3 
7 
6 
7 
4 
1.11814e-11 
-9 
-7 
4 
10 
9 
7 
7 
8 
-7 
-7 
1.92249e-11 
-5 
-5 
-7 
6 
-3 
5 
-9.38519e-11 
3 
4 
-10 
8 
2 
-1 
9 
-1 
-2 
6 
-6 
-5 
-1 
7 
7 
-10 
-9 
1 
2 
1 
-1 
-2 
-8 
-1 
5 
-2 
-3 
2 
-1 
-7 
-10 
8 
-10 
5 
-5 
5 
-3 
5 
4 
1.36848e-11 
-1 
-3 
9 
5 
-2 
-10 
-1 
-9 
6 
-6 
-10 
-8 
-5 
-5 
10 
-6 
5 
3 
10 
-8 
-9 
-8 
1.34764e-11 
-1 
5 
-3 
-3 
7 
-4.62215e-11 
-2 
2 
10 
-5.07515e-11 
-8 
-7 
8 
-1 
9 
10 
-6 
-4 
7 
10 
-1 
-8 
3 
-1 
9 
9 
6 
2 
2 
4 
5 
1 
-9 
5 
9.02602e-12 
-1 
-9 
1 
8 
-1 
-1 
3 
-7 
-10 
2 
-6 
2 
-8 
8 
10 
-2 
-1 
-2 
1 
6.08427e-12 
-8 
2 
8 
-3 
-9 
-4 
1 
9 
6 
6 
2 
-8 
7 
-10 
5 
-2 
3 
-10 
-1 
-8 
1 
5.57517e-11 
-5 
8.59172e-12 
6 
-5 
4 
-5 
3 
7 
1 
-7 
9 
3 
-6 
7 
6 
2 
-5 
8 
10 
7 
-9 
4 
9 
-6 
-5 
1 
-8 
-4 
-10 
9 
-5.64121e-11 
-9 
-4 
-6 
4 
-2 
-7 
-3 
-3 
-9 
4 
-4 
-9 
-2 
-9 
3 
9 
7 
8 
2 
-2 
8 
-8 
-6 
-6 
-10 
8 
-1 
3 
-2 
-3 
5 
-1 
1.80334e-11 
-7 
1 
-2 
-4 
-9 
9 
7 
-5 
-6 
-1 
6 
3 
-1 
-9.31773e-12 
9 
-6 
-1 
5 
8 
6 
-6 
8 
6 
6 
-7 
2 
5 
6 
-2 
7 
10 
1 
-3.44474e-12 
-1 
3 
-4 
5 
-2 
6 
9 
3 
7 
9 
-7 
-5 
9 
3 
6 
-8 
-9 
-9 
-1 
1 
2 
3 
-6 
1 
3 
3.66401e-12 
-5.66098e-11 
10 
7 
9 
9 
10 
10 
9 
-10 
-6 
-10 
10 
7 
8 
-10 
-10 
9 
-10 
-7 
3 
7 
6 
2.31034e-11 
-3 
-10 
5 
2 
9 
8 
-10 
-3 
-5 
6 
-1 
2 
-2 
-2 
-10 
-5 
4 
-1 
-1 
9 
-2 
-6 
7 
-7 
4 
10 
3 
-7 
8 
5 
5 
5 
-9 
-8 
7 
-8 
4 
-7 
9 
-1 
-8.79832e-11 
-10 
4 
10 
-1 
3 
5 
-2 
-3 
9 
10 
7 
-8 
-6 
-3 
-5 
2 
-3 
10 
9 
10 
-7 
10 
-4 
2 
6 
-8 
1 
7 
-8 
7 
9.94112e-12 
2.93322e-11 
-10 
-8 
-7 
-1 
9 
-7 
-3 
4 
-9 
-5 
-9 
-3 
1 
-8 
-7 
7 
-1 
3 
2 
-7 
-3 
-7 
-1 
5 
10 
-10 
1 
-8 
-5 
-5 
-10 
6.29763e-11 
-1 
10 
9 
-4 
6 
2 
4 
-6 
6 
-5 
1 
-9 
3 
-9 
4 
1 
8 
5 
6 
-2 
9 
10 
4 
10 
-9 
-8 
-3 
-1 
-8 
6 
-3 
-9 
-8 
3 
-2 
-9 
2 
-10 
10 
6 
-8 
-7 
9 
10 
-8 
-2 
-6 
-4 
9 
-7 
2 
-10 
-4 
1 
4 
-5.65432e-12 
-7 
7 
9.75409e-12 
-7 
-1 
-1 
-4 
5 
7 
-9.33199e-11 
7 
5 
-6 
4 
1 
-2 
10 
-8 
-8 
-5 
-7 
10 
-7 
1.21765e-11 
3 
4 
5 
5 
4 
8 
-9 
9 
-5 
9 
-4 
-6 
-1 
-6 
-2 
1.28746e-11 
5 
4.71947e-11 
-9 
-5 
1 
9.73947e-11 
2 
-10 
-2 
-8 
-7 
4 
9 
7 
-3.18477e-12 
-10 
6 
-7 
-7 
6 
-5 
-8 
-3 
2 
8 
-5 
5 
5 
-8 
1 
5 
6 
8 
7 
2 
-2 
1 
1 
-3 
-5 
9 
10 
3 
9 
-1 
-3 
-1 
-6 
-1 
-4 
8 
8 
-5 
-4 
8 
10 
9 
6 
10 
10 
-4 
-5 
-8 
-9 
1.42309e-10 
2 
7 
-2 
-10 
-4 
-10 
10 
-8 
7 
6 
6 
1 
6 
-5 
6 
-1 
-6 
-2 
9 
5 
-2 
5 
4 
-3 
-5 
-5 
10 
-8 
-1 
6 
-4 
6 
-6 
5 
10 
7 
10 
-8 
-2 
-7 
4 
-6.07823e-11 
-4 
10 
-1 
-7 
-9 
10 
5 
-1.18393e-10 
-5 
-4 
-8 
-8 
-3 
6 
-10 
10 
-1 
-5.12517e-11 
-1 
-3 
3 
-3 
-3 
-2 
5 
3 
-1 
-7 
7 
-9 
4 
-1 
8 
-6 
1.35313e-10 
9 
-4 
-1 
-1 
-2 
-9 
-10 
-7 
-6 
-10 
-4 
7 
-2 
10 
-9 
10 
9 
-8 
1 
7.08949e-11 
2 
2 
10 
8 
5 
-3 
10 
1 
3 
10 
4 
-4 
4 
6 
-5 
-6 
-9 
-5 
-5 
5 
6 
-6 
-7 
-10 
1 
-10 
1 
1 
-7 
9 
-9 
-7 
-6 
4 
-1 
4 
1 
-4 
8 
8 
-2 
8.91756e-11 
-5.51795e-11 
-10 
-4 
2 
-6 
-9 
1 
5 
2 
-5 
-1 
1 
-10 
7 
2 
1 
-7 
3 
3 
-2 
4 
10 
10 
5 
-4 
-8.5102e-14 
2 
-3 
-10 
-9 
1.83739e-12 
1 
-5 
9 
2 
-3 
3 
4 
-6 
2.62045e-11 
-1 
3 
-7 
5 
-3 
6 
-5 
4 
-5.47897e-11 
5 
4 
4 
-9 
1 
-5 
-4 
3 
-8 
8 
6 
4 
-2 
-5 
-4 
-9 
2 
5 
-6 
5 
-4 
-9 
7 
4 
-6 
-9 
2 
-5 
9.56122e-12 
1 
10 
-1 
-2 
5 
8 
2 
6 
-6 
3 
8 
-2 
8 
1 
6 
2 
-5 
-4 
-1 
-1 
-3 
-9 
4 
-3 
-10 
6 
-9 
1.74226e-11 
6 
-6 
-4 
-9 
1 
5.85565e-11 
3 
5 
9 
-9 
-8 
5.80592e-11 
-6 
-2 
6 
-5 
3 
1.08239e-11 
-8 
6.66475e-11 
6 
-6 
2 
-10 
4 
-4 
7 
5 
7 
-8 
9 
8 
9.00052e-11 
7 
-7 
-7 
1.5952e-11 
-3 
7 
-9 
7 
7 
4 
10 
5 
5 
-10 
-3 
1 
8 
9 
10 
-2 
9 
-6 
-4 
7 
2 
-4 
10 
-7 
6 
-7 
-1 
-4 
-5 
-7 
2 
7.61764e-11 
-9 
-10 
4 
-7 
1 
-1 
8 
2 
9 
-1 
-8 
4.14144e-11 
2 
-9 
-8 
1.38481e-11 
1 
3 
2 
-9 
-4 
8 
6 
2 
4 
-4 
-3 
9 
-9 
-1 
9 
-8 
8 
6 
3 
-10 
10 
-5 
-6 
-6 
-10 
-5 
-4 
7 
-9 
-6 
1 
-6 
-2 
-8 
1 
10 
-9 
-3 
-9 
-10 
-3 
3 
-8 
-9 
4 
-6 
-4 
-9 
-3 
5 
-10 
-7.69102e-11 
7 
-7 
3 
-10 
9 
7 
-2.66447e-11 
-5 
2 
10 
9 
-1 
-4 
10 
6 
6.00082e-11 
-3 
-2 
-1 
-3 
4 
8 
10 
1 
-8 
9 
8 
3 
-10 
3 
-4 
7 
-6 
-2 
-2 
10 
1 
5 
5 
-2 
-5 
8 
8 
8 
-3 
3 
1 
9 
9 
10 
8 
6 
9 
-8 
1.57312e-11 
4 
-2 
-6 
-7 
6 
1 
7 
-9 
5 
5 
7 
-2 
3 
3 
-5 
6 
8 
8 
-8 
-1.01597e-10 
-6 
10 
9 
-4 
-6 
-4 
2 
5 
3 
5 
-5 
-9 
-3.82332e-11 
-9 
4 
-10 
-3 
5 
-8 
-9 
10 
3 
3 
10 
1 
-7 
-4 
-2 
8 
5 
5 
7.24577e-11 
-9 
2 
10 
9 
-7 
-8 
-5 
8 
-3 
2 
-10 
-9 
5 
-6 
4 
3 
9 
7 
-7 
5 
2.14557e-11 
1 
4 
-7 
9 
8 
10 
9 
-6 
-5 
-1 
6 
2 
3 
3 
8 
-6 
-3 
2 
3 
-10 
7 
7 
-10 
3 
7 
-7 
10 
-3 
-2 
9 
5 
10 
5 
-8 
-6 
8 
-8 
3 
-8 
-8 
5 
-10 
2 
-4 
6 
10 
-7 
7 
-10 
-5 
-6 
-6 
7 
7 
-1 
-2 
-10 
-10 
-4 
1.77829e-11 
-7 
-9 
3 
4 
-10 
-3 
9 
-3 
5 
-6 
10 
4 
-10 
5 
1 
1 
2 
4 
4 
6 
-6 
-10 
1 
6 
-6 
-3 
-6 
8 
1 
-10 
8 
1 
2 
-5 
9 
8 
