1001 2
-30 -87122.5 
-29.94 -1.03686e+13 
-29.88 1.13757e+13 
-29.82 -8.6601e+12 
-29.76 4.33462e+11 
-29.7 -5.90728e+12 
-29.64 6.59708e+12 
-29.58 1.33806e+12 
-29.52 -3.5725e+10 
-29.46 -1.00766e+10 
-29.4 -81991 
-29.34 -7.11642e+10 
-29.28 -1.43629e+11 
-29.22 2.03404e+10 
-29.16 -2.09147e+09 
-29.1 1.62582e+11 
-29.04 -6.46097e+10 
-28.98 3.73011e+10 
-28.92 1.7783e+10 
-28.86 1.37974e+10 
-28.8 -77064.7 
-28.74 4.35932e+09 
-28.68 -5.36097e+08 
-28.62 6.31269e+08 
-28.56 -3.11344e+09 
-28.5 3.24196e+09 
-28.44 -1.11951e+09 
-28.38 -2.44988e+07 
-28.32 -3.6298e+07 
-28.26 -1.95043e+08 
-28.2 -72339.6 
-28.14 2.03638e+08 
-28.08 -4.4371e+07 
-28.02 6.70745e+07 
-27.96 -9.33709e+07 
-27.9 -1.36253e+08 
-27.84 -4.88472e+07 
-27.78 -1.01863e+08 
-27.72 3.88846e+07 
-27.66 -2.16535e+06 
-27.6 -67811.4 
-27.54 -2.23809e+06 
-27.48 1.25499e+07 
-27.42 -2.40644e+07 
-27.36 -2.64948e+06 
-27.3 5.87197e+06 
-27.24 2.50101e+06 
-27.18 -1.87209e+06 
-27.12 629495 
-27.06 789257 
-27 -63475.9 
-26.94 82724.9 
-26.88 45361.6 
-26.82 90136.1 
-26.76 294991 
-26.7 356506 
-26.64 -100561 
-26.58 -37874.8 
-26.52 -114940 
-26.46 -92275.7 
-26.4 -59328.9 
-26.34 -49373.9 
-26.28 -74079.1 
-26.22 -31479.6 
-26.16 -11766.1 
-26.1 -59308 
-26.04 -59072.3 
-25.98 -55064.8 
-25.92 -49769.4 
-25.86 -56658.9 
-25.8 -55366.4 
-25.74 -56838.1 
-25.68 -55673.6 
-25.62 -50806.5 
-25.56 -54637.2 
-25.5 -53324.3 
-25.44 -53098.5 
-25.38 -52764.3 
-25.32 -52026.2 
-25.26 -52071.3 
-25.2 -51584 
-25.14 -51043.5 
-25.08 -50718.5 
-25.02 -50884.6 
-24.96 -50140.5 
-24.9 -49790.6 
-24.84 -49499.4 
-24.78 -49124.3 
-24.72 -48689 
-24.66 -48327.8 
-24.6 -47977.6 
-24.54 -47603.1 
-24.48 -47268.5 
-24.42 -46938.7 
-24.36 -46586.1 
-24.3 -46226.5 
-24.24 -45902.4 
-24.18 -45553.7 
-24.12 -45218.1 
-24.06 -44880.2 
-24 -44543 
-23.94 -44210 
-23.88 -43873.5 
-23.82 -43544.9 
-23.76 -43215.1 
-23.7 -42886.6 
-23.64 -42564.1 
-23.58 -42239 
-23.52 -41917.3 
-23.46 -41595.8 
-23.4 -41276.1 
-23.34 -40958.5 
-23.28 -40642.5 
-23.22 -40328.4 
-23.16 -40015.4 
-23.1 -39704.1 
-23.04 -39394.6 
-22.98 -39086.8 
-22.92 -38780.4 
-22.86 -38475.7 
-22.8 -38172.6 
-22.74 -37871.1 
-22.68 -37571.2 
-22.62 -37272.7 
-22.56 -36976 
-22.5 -36680.8 
-22.44 -36387.2 
-22.38 -36095.2 
-22.32 -35804.6 
-22.26 -35515.7 
-22.2 -35228.3 
-22.14 -34942.5 
-22.08 -34658.2 
-22.02 -34375.5 
-21.96 -34094.3 
-21.9 -33814.6 
-21.84 -33536.5 
-21.78 -33259.9 
-21.72 -32984.8 
-21.66 -32711.2 
-21.6 -32439.1 
-21.54 -32168.6 
-21.48 -31899.5 
-21.42 -31632 
-21.36 -31365.9 
-21.3 -31101.4 
-21.24 -30838.3 
-21.18 -30576.7 
-21.12 -30316.6 
-21.06 -30058 
-21 -29800.8 
-20.94 -29545.1 
-20.88 -29290.9 
-20.82 -29038.1 
-20.76 -28786.8 
-20.7 -28536.9 
-20.64 -28288.5 
-20.58 -28041.5 
-20.52 -27796 
-20.46 -27551.9 
-20.4 -27309.2 
-20.34 -27067.9 
-20.28 -26828.1 
-20.22 -26589.7 
-20.16 -26352.7 
-20.1 -26117.1 
-20.04 -25882.9 
-19.98 -25650.1 
-19.92 -25418.7 
-19.86 -25188.7 
-19.8 -24960.1 
-19.74 -24732.8 
-19.68 -24507 
-19.62 -24282.5 
-19.56 -24059.4 
-19.5 -23837.6 
-19.44 -23617.3 
-19.38 -23398.2 
-19.32 -23180.6 
-19.26 -22964.2 
-19.2 -22749.3 
-19.14 -22535.6 
-19.08 -22323.3 
-19.02 -22112.4 
-18.96 -21902.7 
-18.9 -21694.4 
-18.84 -21487.4 
-18.78 -21281.8 
-18.72 -21077.4 
-18.66 -20874.4 
-18.6 -20672.6 
-18.54 -20472.2 
-18.48 -20273 
-18.42 -20075.1 
-18.36 -19878.6 
-18.3 -19683.3 
-18.24 -19489.3 
-18.18 -19296.5 
-18.12 -19105 
-18.06 -18914.8 
-18 -18725.9 
-17.94 -18538.2 
-17.88 -18351.8 
-17.82 -18166.6 
-17.76 -17982.7 
-17.7 -17800 
-17.64 -17618.5 
-17.58 -17438.3 
-17.52 -17259.3 
-17.46 -17081.5 
-17.4 -16904.9 
-17.34 -16729.6 
-17.28 -16555.5 
-17.22 -16382.5 
-17.16 -16210.8 
-17.1 -16040.3 
-17.04 -15871 
-16.98 -15702.9 
-16.92 -15535.9 
-16.86 -15370.1 
-16.8 -15205.6 
-16.74 -15042.1 
-16.68 -14879.9 
-16.62 -14718.8 
-16.56 -14558.9 
-16.5 -14400.2 
-16.44 -14242.6 
-16.38 -14086.1 
-16.32 -13930.8 
-16.26 -13776.6 
-16.2 -13623.6 
-16.14 -13471.7 
-16.08 -13320.9 
-16.02 -13171.2 
-15.96 -13022.7 
-15.9 -12875.3 
-15.84 -12729 
-15.78 -12583.8 
-15.72 -12439.7 
-15.66 -12296.7 
-15.6 -12154.8 
-15.54 -12014 
-15.48 -11874.3 
-15.42 -11735.6 
-15.36 -11598 
-15.3 -11461.5 
-15.24 -11326.1 
-15.18 -11191.8 
-15.12 -11058.5 
-15.06 -10926.2 
-15 -10795 
-14.94 -10664.9 
-14.88 -10535.8 
-14.82 -10407.7 
-14.76 -10280.7 
-14.7 -10154.7 
-14.64 -10029.8 
-14.58 -9905.82 
-14.52 -9782.9 
-14.46 -9660.99 
-14.4 -9540.1 
-14.34 -9420.21 
-14.28 -9301.32 
-14.22 -9183.44 
-14.16 -9066.54 
-14.1 -8950.64 
-14.04 -8835.72 
-13.98 -8721.78 
-13.92 -8608.82 
-13.86 -8496.83 
-13.8 -8385.81 
-13.74 -8275.76 
-13.68 -8166.66 
-13.62 -8058.53 
-13.56 -7951.34 
-13.5 -7845.1 
-13.44 -7739.81 
-13.38 -7635.46 
-13.32 -7532.04 
-13.26 -7429.55 
-13.2 -7327.99 
-13.14 -7227.35 
-13.08 -7127.63 
-13.02 -7028.82 
-12.96 -6930.93 
-12.9 -6833.94 
-12.84 -6737.85 
-12.78 -6642.66 
-12.72 -6548.36 
-12.66 -6454.96 
-12.6 -6362.43 
-12.54 -6270.79 
-12.48 -6180.03 
-12.42 -6090.14 
-12.36 -6001.11 
-12.3 -5912.95 
-12.24 -5825.65 
-12.18 -5739.21 
-12.12 -5653.62 
-12.06 -5568.87 
-12 -5484.97 
-11.94 -5401.91 
-11.88 -5319.68 
-11.82 -5238.28 
-11.76 -5157.71 
-11.7 -5077.96 
-11.64 -4999.03 
-11.58 -4920.92 
-11.52 -4843.61 
-11.46 -4767.11 
-11.4 -4691.41 
-11.34 -4616.5 
-11.28 -4542.39 
-11.22 -4469.07 
-11.16 -4396.54 
-11.1 -4324.78 
-11.04 -4253.8 
-10.98 -4183.59 
-10.92 -4114.15 
-10.86 -4045.48 
-10.8 -3977.56 
-10.74 -3910.4 
-10.68 -3843.99 
-10.62 -3778.32 
-10.56 -3713.4 
-10.5 -3649.22 
-10.44 -3585.77 
-10.38 -3523.06 
-10.32 -3461.06 
-10.26 -3399.79 
-10.2 -3339.24 
-10.14 -3279.4 
-10.08 -3220.27 
-10.02 -3161.85 
-9.96 -3104.13 
-9.9 -3047.1 
-9.84 -2990.76 
-9.78 -2935.12 
-9.72 -2880.16 
-9.66 -2825.87 
-9.6 -2772.27 
-9.54 -2719.33 
-9.48 -2667.07 
-9.42 -2615.46 
-9.36 -2564.52 
-9.3 -2514.23 
-9.24 -2464.59 
-9.18 -2415.59 
-9.12 -2367.24 
-9.06 -2319.53 
-9 -2272.45 
-8.94 -2226 
-8.88 -2180.18 
-8.82 -2134.97 
-8.76 -2090.39 
-8.7 -2046.42 
-8.64 -2003.05 
-8.58 -1960.29 
-8.52 -1918.14 
-8.46 -1876.57 
-8.4 -1835.6 
-8.34 -1795.22 
-8.28 -1755.42 
-8.22 -1716.2 
-8.16 -1677.56 
-8.1 -1639.49 
-8.04 -1601.98 
-7.98 -1565.04 
-7.92 -1528.65 
-7.86 -1492.82 
-7.8 -1457.54 
-7.74 -1422.81 
-7.68 -1388.62 
-7.62 -1354.96 
-7.56 -1321.84 
-7.5 -1289.25 
-7.44 -1257.18 
-7.38 -1225.64 
-7.32 -1194.61 
-7.26 -1164.09 
-7.2 -1134.08 
-7.14 -1104.58 
-7.08 -1075.57 
-7.02 -1047.06 
-6.96 -1019.05 
-6.9 -991.517 
-6.84 -964.47 
-6.78 -937.902 
-6.72 -911.81 
-6.66 -886.188 
-6.6 -861.032 
-6.54 -836.339 
-6.48 -812.103 
-6.42 -788.322 
-6.36 -764.99 
-6.3 -742.104 
-6.24 -719.66 
-6.18 -697.652 
-6.12 -676.077 
-6.06 -654.931 
-6 -634.21 
-5.94 -613.909 
-5.88 -594.024 
-5.82 -574.552 
-5.76 -555.487 
-5.7 -536.826 
-5.64 -518.564 
-5.58 -500.698 
-5.52 -483.223 
-5.46 -466.134 
-5.4 -449.429 
-5.34 -433.102 
-5.28 -417.149 
-5.22 -401.566 
-5.16 -386.35 
-5.1 -371.495 
-5.04 -356.998 
-4.98 -342.854 
-4.92 -329.06 
-4.86 -315.611 
-4.8 -302.502 
-4.74 -289.73 
-4.68 -277.291 
-4.62 -265.18 
-4.56 -253.393 
-4.5 -241.926 
-4.44 -230.775 
-4.38 -219.935 
-4.32 -209.403 
-4.26 -199.174 
-4.2 -189.244 
-4.14 -179.609 
-4.08 -170.265 
-4.02 -161.206 
-3.96 -152.431 
-3.9 -143.933 
-3.84 -135.709 
-3.78 -127.755 
-3.72 -120.066 
-3.66 -112.639 
-3.6 -105.469 
-3.54 -98.5517 
-3.48 -91.8833 
-3.42 -85.4596 
-3.36 -79.2762 
-3.3 -73.329 
-3.24 -67.6139 
-3.18 -62.1266 
-3.12 -56.863 
-3.06 -51.8188 
-3 -46.99 
-2.94 -42.3723 
-2.88 -37.9614 
-2.82 -33.7533 
-2.76 -29.7438 
-2.7 -25.9286 
-2.64 -22.3036 
-2.58 -18.8645 
-2.52 -15.6073 
-2.46 -12.5277 
-2.4 -9.62152 
-2.34 -6.88458 
-2.28 -4.3127 
-2.22 -1.90169 
-2.16 0.352642 
-2.1 2.45447 
-2.04 4.40799 
-1.98 6.21737 
-1.92 7.88682 
-1.86 9.42052 
-1.8 10.8226 
-1.74 12.0974 
-1.68 13.2489 
-1.62 14.2815 
-1.56 15.1992 
-1.5 16.0062 
-1.44 16.7069 
-1.38 17.3052 
-1.32 17.8055 
-1.26 18.2119 
-1.2 18.5286 
-1.14 18.7597 
-1.08 18.9095 
-1.02 18.9822 
-0.96 18.9819 
-0.9 18.9128 
-0.84 18.7792 
-0.78 18.5851 
-0.72 18.3348 
-0.66 18.0325 
-0.6 17.6823 
-0.54 17.2885 
-0.48 16.8552 
-0.42 16.3866 
-0.36 15.8869 
-0.3 15.3603 
-0.24 14.8109 
-0.18 14.2431 
-0.12 13.6608 
-0.06 13.0684 
0 12.47 
0.06 11.8698 
0.12 11.272 
0.18 10.6807 
0.24 10.1003 
0.3 9.53471 
0.36 8.9883 
0.42 8.4652 
0.48 7.96961 
0.54 7.50571 
0.6 7.07768 
0.66 6.68971 
0.72 6.34599 
0.78 6.0507 
0.84 5.80803 
0.9 5.62217 
0.96 5.4973 
1.02 5.4376 
1.08 5.44727 
1.14 5.53049 
1.2 5.69144 
1.26 5.93431 
1.32 6.2633 
1.38 6.68257 
1.44 7.19633 
1.5 7.80875 
1.56 8.52402 
1.62 9.34634 
1.68 10.2799 
1.74 11.3288 
1.8 12.4974 
1.86 13.7897 
1.92 15.21 
1.98 16.7624 
2.04 18.4512 
2.1 20.2805 
2.16 22.2546 
2.22 24.3775 
2.28 26.6535 
2.34 29.0868 
2.4 31.6815 
2.46 34.4419 
2.52 37.3721 
2.58 40.4763 
2.64 43.7588 
2.7 47.2236 
2.76 50.875 
2.82 54.7171 
2.88 58.7542 
2.94 62.9905 
3 67.43 
3.06 72.077 
3.12 76.9358 
3.18 82.0104 
3.24 87.3051 
3.3 92.824 
3.36 98.5714 
3.42 104.551 
3.48 110.768 
3.54 117.226 
3.6 123.929 
3.66 130.881 
3.72 138.087 
3.78 145.551 
3.84 153.276 
3.9 161.268 
3.96 169.53 
4.02 178.066 
4.08 186.881 
4.14 195.979 
4.2 205.364 
4.26 215.04 
4.32 225.012 
4.38 235.283 
4.44 245.858 
4.5 256.741 
4.56 267.936 
4.62 279.448 
4.68 291.28 
4.74 303.437 
4.8 315.922 
4.86 328.741 
4.92 341.897 
4.98 355.394 
5.04 369.237 
5.1 383.43 
5.16 397.977 
5.22 412.882 
5.28 428.15 
5.34 443.784 
5.4 459.789 
5.46 476.169 
5.52 492.927 
5.58 510.07 
5.64 527.599 
5.7 545.521 
5.76 563.838 
5.82 582.556 
5.88 601.677 
5.94 621.207 
6 641.15 
6.06 661.51 
6.12 682.29 
6.18 703.496 
6.24 725.131 
6.3 747.199 
6.36 769.706 
6.42 792.654 
6.48 816.048 
6.54 839.893 
6.6 864.192 
6.66 888.95 
6.72 914.171 
6.78 939.858 
6.84 966.017 
6.9 992.652 
6.96 1019.77 
7.02 1047.36 
7.08 1075.45 
7.14 1104.03 
7.2 1133.1 
7.26 1162.68 
7.32 1192.76 
7.38 1223.34 
7.44 1254.45 
7.5 1286.06 
7.56 1318.2 
7.62 1350.87 
7.68 1384.07 
7.74 1417.8 
7.8 1452.06 
7.86 1486.87 
7.92 1522.23 
7.98 1558.14 
8.04 1594.6 
8.1 1631.62 
8.16 1669.21 
8.22 1707.36 
8.28 1746.08 
8.34 1785.38 
8.4 1825.26 
8.46 1865.73 
8.52 1906.78 
8.58 1948.43 
8.64 1990.67 
8.7 2033.51 
8.76 2076.96 
8.82 2121.02 
8.88 2165.69 
8.94 2210.98 
9 2256.89 
9.06 2303.43 
9.12 2350.59 
9.18 2398.4 
9.24 2446.84 
9.3 2495.92 
9.36 2545.65 
9.42 2596.03 
9.48 2647.07 
9.54 2698.77 
9.6 2751.13 
9.66 2804.16 
9.72 2857.86 
9.78 2912.23 
9.84 2967.29 
9.9 3023.03 
9.96 3079.46 
10.02 3136.59 
10.08 3194.41 
10.14 3252.93 
10.2 3312.16 
10.26 3372.1 
10.32 3432.75 
10.38 3494.12 
10.44 3556.22 
10.5 3619.04 
10.56 3682.59 
10.62 3746.87 
10.68 3811.9 
10.74 3877.66 
10.8 3944.18 
10.86 4011.45 
10.92 4079.47 
10.98 4148.25 
11.04 4217.8 
11.1 4288.12 
11.16 4359.2 
11.22 4431.07 
11.28 4503.72 
11.34 4577.15 
11.4 4651.37 
11.46 4726.38 
11.52 4802.19 
11.58 4878.81 
11.64 4956.23 
11.7 5034.46 
11.76 5113.5 
11.82 5193.37 
11.88 5274.05 
11.94 5355.57 
12 5437.91 
12.06 5521.09 
12.12 5605.11 
12.18 5689.97 
12.24 5775.68 
12.3 5862.25 
12.36 5949.67 
12.42 6037.95 
12.48 6127.09 
12.54 6217.11 
12.6 6307.99 
12.66 6399.76 
12.72 6492.4 
12.78 6585.94 
12.84 6680.36 
12.9 6775.67 
12.96 6871.89 
13.02 6969 
13.08 7067.03 
13.14 7165.96 
13.2 7265.81 
13.26 7366.57 
13.32 7468.26 
13.38 7570.88 
13.44 7674.43 
13.5 7778.92 
13.56 7884.34 
13.62 7990.71 
13.68 8098.03 
13.74 8206.3 
13.8 8315.53 
13.86 8425.72 
13.92 8536.88 
13.98 8649 
14.04 8762.1 
14.1 8876.17 
14.16 8991.23 
14.22 9107.27 
14.28 9224.3 
14.34 9342.33 
14.4 9461.36 
14.46 9581.39 
14.52 9702.42 
14.58 9824.47 
14.64 9947.53 
14.7 10071.6 
14.76 10196.7 
14.82 10322.9 
14.88 10450 
14.94 10578.2 
15 10707.5 
15.06 10837.8 
15.12 10969.1 
15.18 11101.5 
15.24 11234.9 
15.3 11369.4 
15.36 11505 
15.42 11641.7 
15.48 11779.4 
15.54 11918.2 
15.6 12058.1 
15.66 12199 
15.72 12341.1 
15.78 12484.2 
15.84 12628.5 
15.9 12773.8 
15.96 12920.3 
16.02 13067.9 
16.08 13216.6 
16.14 13366.4 
16.2 13517.3 
16.26 13669.4 
16.32 13822.6 
16.38 13976.9 
16.44 14132.4 
16.5 14289 
16.56 14446.7 
16.62 14605.7 
16.68 14765.7 
16.74 14927 
16.8 15089.4 
16.86 15253 
16.92 15417.7 
16.98 15583.6 
17.04 15750.7 
17.1 15919 
17.16 16088.5 
17.22 16259.2 
17.28 16431.1 
17.34 16604.2 
17.4 16778.5 
17.46 16954 
17.52 17130.7 
17.58 17308.7 
17.64 17487.9 
17.7 17668.3 
17.76 17849.9 
17.82 18032.8 
17.88 18216.9 
17.94 18402.2 
18 18588.8 
18.06 18776.7 
18.12 18965.8 
18.18 19156.2 
18.24 19347.8 
18.3 19540.8 
18.36 19735 
18.42 19930.4 
18.48 20127.2 
18.54 20325.2 
18.6 20524.6 
18.66 20725.2 
18.72 20927.1 
18.78 21130.4 
18.84 21334.9 
18.9 21540.8 
18.96 21747.9 
19.02 21956.4 
19.08 22166.3 
19.14 22377.4 
19.2 22589.9 
19.26 22803.7 
19.32 23018.9 
19.38 23235.4 
19.44 23453.2 
19.5 23672.5 
19.56 23893 
19.62 24115 
19.68 24338.3 
19.74 24562.9 
19.8 24789 
19.86 25016.4 
19.92 25245.2 
19.98 25475.4 
20.04 25707 
20.1 25940 
20.16 26174.4 
20.22 26410.2 
20.28 26647.4 
20.34 26886 
20.4 27126 
20.46 27367.5 
20.52 27610.4 
20.58 27854.7 
20.64 28100.4 
20.7 28347.6 
20.76 28596.2 
20.82 28846.3 
20.88 29097.8 
20.94 29350.8 
21 29605.2 
21.06 29861.1 
21.12 30118.5 
21.18 30377.4 
21.24 30637.7 
21.3 30899.5 
21.36 31162.7 
21.42 31427.5 
21.48 31693.8 
21.54 31961.5 
21.6 32230.8 
21.66 32501.6 
21.72 32773.8 
21.78 33047.6 
21.84 33322.9 
21.9 33599.7 
21.96 33878.1 
22.02 34158 
22.08 34439.4 
22.14 34722.3 
22.2 35006.8 
22.26 35292.9 
22.32 35580.5 
22.38 35869.7 
22.44 36160.4 
22.5 36452.6 
22.56 36746.5 
22.62 37041.9 
22.68 37338.9 
22.74 37637.5 
22.8 37937.6 
22.86 38239.4 
22.92 38542.6 
22.98 38847.4 
23.04 39154.2 
23.1 39462 
23.16 39771.5 
23.22 40082.5 
23.28 40396 
23.34 40711.2 
23.4 41027.3 
23.46 41345.2 
23.52 41665 
23.58 41985.7 
23.64 42311 
23.7 42633.4 
23.76 42961.3 
23.82 43286.4 
23.88 43617.4 
23.94 43948.6 
24 44280 
24.06 44612.6 
24.12 44949.7 
24.18 45280.4 
24.24 45615.8 
24.3 45988.5 
24.36 46267 
24.42 46635.1 
24.48 46975.7 
24.54 47346 
24.6 47700 
24.66 48050.5 
24.72 48505.3 
24.78 48863.6 
24.84 49388.6 
24.9 49516.3 
24.96 49974.9 
25.02 50198.7 
25.08 50693.2 
25.14 50832 
25.2 51291.4 
25.26 51578.6 
25.32 51820.1 
25.38 52643 
25.44 53042.3 
25.5 54535.2 
25.56 55889.5 
25.62 53227.8 
25.68 52943.6 
25.74 51683.5 
25.8 55058.5 
25.86 56744.6 
25.92 48330.3 
25.98 50641.7 
26.04 67990.8 
26.1 86429.8 
26.16 111484 
26.22 44236.2 
26.28 54907.9 
26.34 73755.8 
26.4 59005.4 
26.46 27486.8 
26.52 194827 
26.58 56822.6 
26.64 -11477.2 
26.7 -6177.55 
26.76 72477.1 
26.82 27473.5 
26.88 -292779 
26.94 -8148.87 
27 63136.3 
27.06 -266443 
27.12 -350987 
27.18 2.54978e+06 
27.24 2.14553e+06 
27.3 1.42606e+06 
27.36 1.04562e+07 
27.42 3.97686e+06 
27.48 2.86248e+06 
27.54 4.08355e+06 
27.6 67455.4 
27.66 -2.4096e+06 
27.72 -1.33031e+07 
27.78 -7.67819e+07 
27.84 -5.39043e+07 
27.9 -7.90225e+07 
27.96 -8.11795e+07 
28.02 -1.16805e+08 
28.08 -3.26176e+07 
28.14 -5.99063e+06 
28.2 71966.9 
28.26 -4.87453e+07 
28.32 1.47507e+08 
28.38 1.8187e+09 
28.44 1.22137e+09 
28.5 5.61535e+09 
28.56 5.50146e+09 
28.62 -7.60638e+09 
28.68 -2.45741e+09 
28.74 3.25723e+09 
28.8 76674.9 
28.86 -4.56032e+09 
28.92 -5.14243e+10 
28.98 -2.313e+10 
29.04 -1.4506e+11 
29.1 -1.31761e+11 
29.16 -3.16461e+10 
29.22 3.44686e+10 
29.28 -9.37153e+10 
29.34 2.58188e+11 
29.4 81583.7 
29.46 3.76708e+11 
29.52 6.75783e+11 
29.58 2.17802e+12 
29.64 3.80544e+12 
29.7 2.46258e+12 
29.76 1.0876e+13 
29.82 -9.73575e+12 
29.88 -9.46942e+11 
29.94 2.66e+12 
30 86697.5 
