1001 2
-6 19.1763 
-5.988 -64735.3 
-5.976 -87166.8 
-5.964 -86241.3 
-5.952 -73913.7 
-5.94 -57410.3 
-5.928 -40834.5 
-5.916 -26283 
-5.904 -14608.7 
-5.892 -5933.36 
-5.88 15.4649 
-5.868 3690.85 
-5.856 5595.95 
-5.844 6209.65 
-5.832 5948.76 
-5.82 5153.27 
-5.808 4085.41 
-5.796 2936.39 
-5.784 1836.76 
-5.772 867.974 
-5.76 73.4933 
-5.748 -531.178 
-5.736 -950.027 
-5.724 -1199.66 
-5.712 -1303.92 
-5.7 -1289.93 
-5.688 -1185.19 
-5.676 -1015.64 
-5.664 -804.512 
-5.652 -571.682 
-5.64 -333.426 
-5.628 -102.499 
-5.616 111.613 
-5.604 302.34 
-5.592 465.605 
-5.58 599.397 
-5.568 703.355 
-5.556 778.381 
-5.544 826.304 
-5.532 849.58 
-5.52 851.054 
-5.508 833.753 
-5.496 800.739 
-5.484 754.983 
-5.472 699.284 
-5.46 636.211 
-5.448 568.065 
-5.436 496.866 
-5.424 424.347 
-5.412 351.965 
-5.4 280.914 
-5.388 212.144 
-5.376 146.389 
-5.364 84.1881 
-5.352 25.9117 
-5.34 -28.2132 
-5.328 -78.0802 
-5.316 -123.682 
-5.304 -165.092 
-5.292 -202.443 
-5.28 -235.918 
-5.268 -265.731 
-5.256 -292.121 
-5.244 -315.339 
-5.232 -335.64 
-5.22 -353.282 
-5.208 -368.514 
-5.196 -381.578 
-5.184 -392.703 
-5.172 -402.106 
-5.16 -409.987 
-5.148 -416.531 
-5.136 -421.907 
-5.124 -426.271 
-5.112 -429.759 
-5.1 -432.498 
-5.088 -434.596 
-5.076 -436.152 
-5.064 -437.253 
-5.052 -437.972 
-5.04 -438.376 
-5.028 -438.52 
-5.016 -438.453 
-5.004 -438.216 
-4.992 -437.843 
-4.98 -437.364 
-4.968 -436.803 
-4.956 -436.179 
-4.944 -435.51 
-4.932 -434.807 
-4.92 -434.081 
-4.908 -433.34 
-4.896 -432.59 
-4.884 -431.836 
-4.872 -431.079 
-4.86 -430.323 
-4.848 -429.567 
-4.836 -428.813 
-4.824 -428.059 
-4.812 -427.305 
-4.8 -426.549 
-4.788 -425.791 
-4.776 -425.029 
-4.764 -424.26 
-4.752 -423.484 
-4.74 -422.698 
-4.728 -421.901 
-4.716 -421.091 
-4.704 -420.266 
-4.692 -419.426 
-4.68 -418.568 
-4.668 -417.691 
-4.656 -416.794 
-4.644 -415.877 
-4.632 -414.937 
-4.62 -413.975 
-4.608 -412.99 
-4.596 -411.98 
-4.584 -410.946 
-4.572 -409.887 
-4.56 -408.802 
-4.548 -407.692 
-4.536 -406.555 
-4.524 -405.393 
-4.512 -404.205 
-4.5 -402.991 
-4.488 -401.751 
-4.476 -400.485 
-4.464 -399.193 
-4.452 -397.876 
-4.44 -396.534 
-4.428 -395.167 
-4.416 -393.776 
-4.404 -392.36 
-4.392 -390.921 
-4.38 -389.458 
-4.368 -387.973 
-4.356 -386.464 
-4.344 -384.934 
-4.332 -383.382 
-4.32 -381.809 
-4.308 -380.215 
-4.296 -378.601 
-4.284 -376.968 
-4.272 -375.315 
-4.26 -373.643 
-4.248 -371.954 
-4.236 -370.247 
-4.224 -368.523 
-4.212 -366.782 
-4.2 -365.025 
-4.188 -363.252 
-4.176 -361.465 
-4.164 -359.663 
-4.152 -357.847 
-4.14 -356.017 
-4.128 -354.174 
-4.116 -352.319 
-4.104 -350.452 
-4.092 -348.573 
-4.08 -346.683 
-4.068 -344.783 
-4.056 -342.872 
-4.044 -340.951 
-4.032 -339.022 
-4.02 -337.084 
-4.008 -335.137 
-3.996 -333.182 
-3.984 -331.22 
-3.972 -329.251 
-3.96 -327.276 
-3.948 -325.294 
-3.936 -323.306 
-3.924 -321.313 
-3.912 -319.315 
-3.9 -317.313 
-3.888 -315.306 
-3.876 -313.296 
-3.864 -311.282 
-3.852 -309.264 
-3.84 -307.245 
-3.828 -305.223 
-3.816 -303.198 
-3.804 -301.172 
-3.792 -299.145 
-3.78 -297.117 
-3.768 -295.088 
-3.756 -293.059 
-3.744 -291.029 
-3.732 -289 
-3.72 -286.971 
-3.708 -284.943 
-3.696 -282.917 
-3.684 -280.891 
-3.672 -278.868 
-3.66 -276.846 
-3.648 -274.826 
-3.636 -272.809 
-3.624 -270.794 
-3.612 -268.783 
-3.6 -266.774 
-3.588 -264.769 
-3.576 -262.768 
-3.564 -260.77 
-3.552 -258.777 
-3.54 -256.788 
-3.528 -254.803 
-3.516 -252.823 
-3.504 -250.848 
-3.492 -248.878 
-3.48 -246.913 
-3.468 -244.954 
-3.456 -243 
-3.444 -241.052 
-3.432 -239.11 
-3.42 -237.174 
-3.408 -235.245 
-3.396 -233.322 
-3.384 -231.406 
-3.372 -229.496 
-3.36 -227.593 
-3.348 -225.697 
-3.336 -223.809 
-3.324 -221.928 
-3.312 -220.054 
-3.3 -218.187 
-3.288 -216.329 
-3.276 -214.478 
-3.264 -212.635 
-3.252 -210.8 
-3.24 -208.973 
-3.228 -207.154 
-3.216 -205.344 
-3.204 -203.542 
-3.192 -201.748 
-3.18 -199.963 
-3.168 -198.187 
-3.156 -196.419 
-3.144 -194.66 
-3.132 -192.91 
-3.12 -191.169 
-3.108 -189.437 
-3.096 -187.714 
-3.084 -186 
-3.072 -184.296 
-3.06 -182.6 
-3.048 -180.914 
-3.036 -179.237 
-3.024 -177.57 
-3.012 -175.912 
-3 -174.263 
-2.988 -172.624 
-2.976 -170.995 
-2.964 -169.375 
-2.952 -167.765 
-2.94 -166.164 
-2.928 -164.574 
-2.916 -162.992 
-2.904 -161.421 
-2.892 -159.859 
-2.88 -158.307 
-2.868 -156.765 
-2.856 -155.233 
-2.844 -153.711 
-2.832 -152.198 
-2.82 -150.695 
-2.808 -149.202 
-2.796 -147.719 
-2.784 -146.246 
-2.772 -144.783 
-2.76 -143.329 
-2.748 -141.886 
-2.736 -140.452 
-2.724 -139.028 
-2.712 -137.615 
-2.7 -136.21 
-2.688 -134.816 
-2.676 -133.432 
-2.664 -132.057 
-2.652 -130.693 
-2.64 -129.338 
-2.628 -127.993 
-2.616 -126.657 
-2.604 -125.332 
-2.592 -124.016 
-2.58 -122.71 
-2.568 -121.414 
-2.556 -120.127 
-2.544 -118.85 
-2.532 -117.583 
-2.52 -116.326 
-2.508 -115.078 
-2.496 -113.839 
-2.484 -112.61 
-2.472 -111.391 
-2.46 -110.181 
-2.448 -108.981 
-2.436 -107.79 
-2.424 -106.608 
-2.412 -105.436 
-2.4 -104.273 
-2.388 -103.12 
-2.376 -101.975 
-2.364 -100.84 
-2.352 -99.7147 
-2.34 -98.5981 
-2.328 -97.4907 
-2.316 -96.3924 
-2.304 -95.3031 
-2.292 -94.2229 
-2.28 -93.1517 
-2.268 -92.0894 
-2.256 -91.036 
-2.244 -89.9915 
-2.232 -88.9558 
-2.22 -87.929 
-2.208 -86.9108 
-2.196 -85.9014 
-2.184 -84.9007 
-2.172 -83.9085 
-2.16 -82.925 
-2.148 -81.9499 
-2.136 -80.9834 
-2.124 -80.0253 
-2.112 -79.0756 
-2.1 -78.1343 
-2.088 -77.2013 
-2.076 -76.2765 
-2.064 -75.36 
-2.052 -74.4516 
-2.04 -73.5513 
-2.028 -72.6592 
-2.016 -71.775 
-2.004 -70.8989 
-1.992 -70.0306 
-1.98 -69.1703 
-1.968 -68.3178 
-1.956 -67.4731 
-1.944 -66.6361 
-1.932 -65.8068 
-1.92 -64.9852 
-1.908 -64.1711 
-1.896 -63.3646 
-1.884 -62.5656 
-1.872 -61.774 
-1.86 -60.9898 
-1.848 -60.213 
-1.836 -59.4435 
-1.824 -58.6811 
-1.812 -57.926 
-1.8 -57.178 
-1.788 -56.4371 
-1.776 -55.7033 
-1.764 -54.9764 
-1.752 -54.2565 
-1.74 -53.5434 
-1.728 -52.8372 
-1.716 -52.1378 
-1.704 -51.4451 
-1.692 -50.759 
-1.68 -50.0796 
-1.668 -49.4068 
-1.656 -48.7405 
-1.644 -48.0806 
-1.632 -47.4272 
-1.62 -46.7802 
-1.608 -46.1394 
-1.596 -45.5049 
-1.584 -44.8767 
-1.572 -44.2546 
-1.56 -43.6386 
-1.548 -43.0286 
-1.536 -42.4247 
-1.524 -41.8267 
-1.512 -41.2346 
-1.5 -40.6483 
-1.488 -40.0679 
-1.476 -39.4931 
-1.464 -38.9241 
-1.452 -38.3607 
-1.44 -37.8029 
-1.428 -37.2507 
-1.416 -36.7039 
-1.404 -36.1625 
-1.392 -35.6266 
-1.38 -35.0959 
-1.368 -34.5706 
-1.356 -34.0504 
-1.344 -33.5355 
-1.332 -33.0256 
-1.32 -32.5208 
-1.308 -32.0211 
-1.296 -31.5263 
-1.284 -31.0364 
-1.272 -30.5514 
-1.26 -30.0712 
-1.248 -29.5958 
-1.236 -29.1251 
-1.224 -28.659 
-1.212 -28.1976 
-1.2 -27.7407 
-1.188 -27.2883 
-1.176 -26.8404 
-1.164 -26.3969 
-1.152 -25.9578 
-1.14 -25.5229 
-1.128 -25.0924 
-1.116 -24.666 
-1.104 -24.2438 
-1.092 -23.8257 
-1.08 -23.4116 
-1.068 -23.0016 
-1.056 -22.5955 
-1.044 -22.1933 
-1.032 -21.795 
-1.02 -21.4005 
-1.008 -21.0098 
-0.996 -20.6228 
-0.984 -20.2394 
-0.972 -19.8597 
-0.96 -19.4835 
-0.948 -19.1109 
-0.936 -18.7417 
-0.924 -18.3759 
-0.912 -18.0135 
-0.9 -17.6545 
-0.888 -17.2987 
-0.876 -16.9461 
-0.864 -16.5968 
-0.852 -16.2506 
-0.84 -15.9074 
-0.828 -15.5673 
-0.816 -15.2302 
-0.804 -14.8961 
-0.792 -14.5648 
-0.78 -14.2364 
-0.768 -13.9108 
-0.756 -13.588 
-0.744 -13.2679 
-0.732 -12.9504 
-0.72 -12.6356 
-0.708 -12.3234 
-0.696 -12.0136 
-0.684 -11.7064 
-0.672 -11.4016 
-0.66 -11.0992 
-0.648 -10.7992 
-0.636 -10.5015 
-0.624 -10.206 
-0.612 -9.91272 
-0.6 -9.62164 
-0.588 -9.33268 
-0.576 -9.04581 
-0.564 -8.76097 
-0.552 -8.47813 
-0.54 -8.19725 
-0.528 -7.91827 
-0.516 -7.64116 
-0.504 -7.36586 
-0.492 -7.09235 
-0.48 -6.82058 
-0.468 -6.55049 
-0.456 -6.28206 
-0.444 -6.01524 
-0.432 -5.74998 
-0.42 -5.48625 
-0.408 -5.22399 
-0.396 -4.96318 
-0.384 -4.70377 
-0.372 -4.44571 
-0.36 -4.18897 
-0.348 -3.93351 
-0.336 -3.67927 
-0.324 -3.42624 
-0.312 -3.17435 
-0.3 -2.92358 
-0.288 -2.67387 
-0.276 -2.4252 
-0.264 -2.17752 
-0.252 -1.93079 
-0.24 -1.68498 
-0.228 -1.44003 
-0.216 -1.19592 
-0.204 -0.952609 
-0.192 -0.710049 
-0.18 -0.468205 
-0.168 -0.22704 
-0.156 0.0134861 
-0.144 0.253411 
-0.132 0.492772 
-0.12 0.731608 
-0.108 0.969956 
-0.096 1.20785 
-0.084 1.44534 
-0.072 1.68245 
-0.06 1.91922 
-0.048 2.15569 
-0.036 2.39189 
-0.024 2.62787 
-0.012 2.86366 
0 3.09928 
0.012 3.33479 
0.024 3.57022 
0.036 3.80559 
0.048 4.04095 
0.06 4.27634 
0.072 4.51178 
0.084 4.74731 
0.096 4.98297 
0.108 5.2188 
0.12 5.45481 
0.132 5.69106 
0.144 5.92757 
0.156 6.16438 
0.168 6.40152 
0.18 6.63903 
0.192 6.87693 
0.204 7.11527 
0.216 7.35407 
0.228 7.59337 
0.24 7.83319 
0.252 8.07358 
0.264 8.31456 
0.276 8.55617 
0.288 8.79844 
0.3 9.04139 
0.312 9.28507 
0.324 9.5295 
0.336 9.77471 
0.348 10.0207 
0.36 10.2676 
0.372 10.5154 
0.384 10.764 
0.396 11.0136 
0.408 11.2641 
0.42 11.5157 
0.432 11.7683 
0.444 12.0219 
0.456 12.2766 
0.468 12.5325 
0.48 12.7894 
0.492 13.0476 
0.504 13.3069 
0.516 13.5675 
0.528 13.8293 
0.54 14.0924 
0.552 14.3568 
0.564 14.6226 
0.576 14.8897 
0.588 15.1582 
0.6 15.4282 
0.612 15.6995 
0.624 15.9724 
0.636 16.2468 
0.648 16.5226 
0.66 16.8001 
0.672 17.0791 
0.684 17.3597 
0.696 17.642 
0.708 17.9259 
0.72 18.2115 
0.732 18.4988 
0.744 18.7878 
0.756 19.0786 
0.768 19.3711 
0.78 19.6655 
0.792 19.9617 
0.804 20.2597 
0.816 20.5596 
0.828 20.8614 
0.84 21.1652 
0.852 21.4708 
0.864 21.7785 
0.876 22.0881 
0.888 22.3997 
0.9 22.7134 
0.912 23.0292 
0.924 23.347 
0.936 23.6669 
0.948 23.9889 
0.96 24.3131 
0.972 24.6394 
0.984 24.968 
0.996 25.2987 
1.008 25.6316 
1.02 25.9669 
1.032 26.3043 
1.044 26.6441 
1.056 26.9861 
1.068 27.3305 
1.08 27.6773 
1.092 28.0264 
1.104 28.3779 
1.116 28.7318 
1.128 29.0881 
1.14 29.4468 
1.152 29.808 
1.164 30.1717 
1.176 30.5379 
1.188 30.9066 
1.2 31.2778 
1.212 31.6516 
1.224 32.0279 
1.236 32.4068 
1.248 32.7883 
1.26 33.1724 
1.272 33.5592 
1.284 33.9485 
1.296 34.3406 
1.308 34.7353 
1.32 35.1328 
1.332 35.5329 
1.344 35.9357 
1.356 36.3413 
1.368 36.7497 
1.38 37.1608 
1.392 37.5747 
1.404 37.9914 
1.416 38.4109 
1.428 38.8332 
1.44 39.2583 
1.452 39.6863 
1.464 40.1172 
1.476 40.5509 
1.488 40.9876 
1.5 41.4271 
1.512 41.8696 
1.524 42.3149 
1.536 42.7632 
1.548 43.2145 
1.56 43.6687 
1.572 44.1259 
1.584 44.586 
1.596 45.0492 
1.608 45.5153 
1.62 45.9845 
1.632 46.4567 
1.644 46.9319 
1.656 47.4102 
1.668 47.8915 
1.68 48.3758 
1.692 48.8633 
1.704 49.3538 
1.716 49.8474 
1.728 50.3441 
1.74 50.8439 
1.752 51.3468 
1.764 51.8529 
1.776 52.362 
1.788 52.8743 
1.8 53.3897 
1.812 53.9083 
1.824 54.43 
1.836 54.9549 
1.848 55.483 
1.86 56.0142 
1.872 56.5486 
1.884 57.0862 
1.896 57.6269 
1.908 58.1709 
1.92 58.718 
1.932 59.2684 
1.944 59.8219 
1.956 60.3787 
1.968 60.9386 
1.98 61.5018 
1.992 62.0682 
2.004 62.6378 
2.016 63.2106 
2.028 63.7867 
2.04 64.3659 
2.052 64.9484 
2.064 65.5342 
2.076 66.1231 
2.088 66.7153 
2.1 67.3107 
2.112 67.9093 
2.124 68.5112 
2.136 69.1163 
2.148 69.7246 
2.16 70.3361 
2.172 70.9509 
2.184 71.5689 
2.196 72.1901 
2.208 72.8145 
2.22 73.4422 
2.232 74.073 
2.244 74.7071 
2.256 75.3443 
2.268 75.9848 
2.28 76.6285 
2.292 77.2753 
2.304 77.9254 
2.316 78.5786 
2.328 79.235 
2.34 79.8945 
2.352 80.5573 
2.364 81.2231 
2.376 81.8922 
2.388 82.5643 
2.4 83.2396 
2.412 83.9181 
2.424 84.5996 
2.436 85.2842 
2.448 85.972 
2.46 86.6628 
2.472 87.3567 
2.484 88.0537 
2.496 88.7537 
2.508 89.4567 
2.52 90.1628 
2.532 90.8719 
2.544 91.584 
2.556 92.2991 
2.568 93.0171 
2.58 93.7381 
2.592 94.4621 
2.604 95.189 
2.616 95.9188 
2.628 96.6514 
2.64 97.387 
2.652 98.1254 
2.664 98.8667 
2.676 99.6107 
2.688 100.358 
2.7 101.107 
2.712 101.86 
2.724 102.615 
2.736 103.373 
2.748 104.133 
2.76 104.896 
2.772 105.662 
2.784 106.43 
2.796 107.201 
2.808 107.975 
2.82 108.751 
2.832 109.53 
2.844 110.311 
2.856 111.094 
2.868 111.88 
2.88 112.668 
2.892 113.459 
2.904 114.251 
2.916 115.046 
2.928 115.844 
2.94 116.643 
2.952 117.445 
2.964 118.249 
2.976 119.054 
2.988 119.862 
3 120.672 
3.012 121.484 
3.024 122.297 
3.036 123.112 
3.048 123.929 
3.06 124.748 
3.072 125.569 
3.084 126.391 
3.096 127.214 
3.108 128.039 
3.12 128.866 
3.132 129.693 
3.144 130.523 
3.156 131.353 
3.168 132.184 
3.18 133.017 
3.192 133.85 
3.204 134.684 
3.216 135.519 
3.228 136.355 
3.24 137.192 
3.252 138.029 
3.264 138.866 
3.276 139.704 
3.288 140.542 
3.3 141.38 
3.312 142.219 
3.324 143.057 
3.336 143.895 
3.348 144.732 
3.36 145.57 
3.372 146.406 
3.384 147.242 
3.396 148.077 
3.408 148.911 
3.42 149.744 
3.432 150.576 
3.444 151.406 
3.456 152.234 
3.468 153.061 
3.48 153.886 
3.492 154.709 
3.504 155.529 
3.516 156.347 
3.528 157.162 
3.54 157.974 
3.552 158.783 
3.564 159.588 
3.576 160.39 
3.588 161.188 
3.6 161.982 
3.612 162.771 
3.624 163.556 
3.636 164.336 
3.648 165.11 
3.66 165.879 
3.672 166.643 
3.684 167.4 
3.696 168.15 
3.708 168.894 
3.72 169.631 
3.732 170.36 
3.744 171.081 
3.756 171.793 
3.768 172.497 
3.78 173.192 
3.792 173.878 
3.804 174.553 
3.816 175.218 
3.828 175.872 
3.84 176.514 
3.852 177.144 
3.864 177.762 
3.876 178.367 
3.888 178.958 
3.9 179.535 
3.912 180.098 
3.924 180.644 
3.936 181.175 
3.948 181.689 
3.96 182.186 
3.972 182.664 
3.984 183.124 
3.996 183.564 
4.008 183.984 
4.02 184.383 
4.032 184.759 
4.044 185.113 
4.056 185.443 
4.068 185.749 
4.08 186.029 
4.092 186.283 
4.104 186.509 
4.116 186.707 
4.128 186.875 
4.14 187.013 
4.152 187.119 
4.164 187.192 
4.176 187.232 
4.188 187.236 
4.2 187.204 
4.212 187.134 
4.224 187.025 
4.236 186.876 
4.248 186.685 
4.26 186.451 
4.272 186.173 
4.284 185.848 
4.296 185.476 
4.308 185.055 
4.32 184.583 
4.332 184.058 
4.344 183.479 
4.356 182.845 
4.368 182.152 
4.38 181.399 
4.392 180.585 
4.404 179.708 
4.416 178.764 
4.428 177.753 
4.44 176.671 
4.452 175.517 
4.464 174.289 
4.476 172.983 
4.488 171.597 
4.5 170.13 
4.512 168.577 
4.524 166.937 
4.536 165.205 
4.548 163.38 
4.56 161.458 
4.572 159.436 
4.584 157.31 
4.596 155.077 
4.608 152.732 
4.62 150.273 
4.632 147.694 
4.644 144.992 
4.656 142.162 
4.668 139.199 
4.68 136.098 
4.692 132.855 
4.704 129.462 
4.716 125.915 
4.728 122.208 
4.74 118.334 
4.752 114.287 
4.764 110.06 
4.776 105.645 
4.788 101.035 
4.8 96.2233 
4.812 91.201 
4.824 85.9603 
4.836 80.493 
4.848 74.791 
4.86 68.8461 
4.872 62.6502 
4.884 56.1956 
4.896 49.4751 
4.908 42.482 
4.92 35.2104 
4.932 27.6559 
4.944 19.8152 
4.956 11.6872 
4.968 3.27264 
4.98 -5.4245 
4.992 -14.3971 
5.004 -23.634 
5.016 -33.1194 
5.028 -42.8318 
5.04 -52.7433 
5.052 -62.8186 
5.064 -73.014 
5.076 -83.276 
5.088 -93.5401 
5.1 -103.73 
5.112 -113.755 
5.124 -123.51 
5.136 -132.874 
5.148 -141.708 
5.16 -149.853 
5.172 -157.13 
5.184 -163.342 
5.196 -168.266 
5.208 -171.661 
5.22 -173.262 
5.232 -172.785 
5.244 -169.927 
5.256 -164.371 
5.268 -155.787 
5.28 -143.839 
5.292 -128.193 
5.304 -108.526 
5.316 -84.5337 
5.328 -55.9492 
5.34 -22.5548 
5.352 15.7979 
5.364 59.1678 
5.376 107.5 
5.388 160.601 
5.4 218.109 
5.412 279.466 
5.424 343.889 
5.436 410.336 
5.448 477.485 
5.46 543.709 
5.472 607.059 
5.484 665.262 
5.496 715.724 
5.508 755.566 
5.52 781.665 
5.532 790.738 
5.544 779.457 
5.556 744.603 
5.568 683.266 
5.58 593.098 
5.592 472.623 
5.604 321.594 
5.616 141.409 
5.628 -64.4403 
5.64 -289.891 
5.652 -525.839 
5.664 -759.718 
5.676 -975.186 
5.688 -1152 
5.7 -1266.17 
5.712 -1290.59 
5.724 -1196.15 
5.736 -953.756 
5.748 -537.269 
5.76 72.3205 
5.772 881.227 
5.784 1875.56 
5.796 3012.24 
5.808 4208.22 
5.82 5328.38 
5.832 6172.87 
5.844 6465.54 
5.856 5846.15 
5.868 3870.48 
5.88 25.2649 
5.892 -6232.45 
5.904 -15396.6 
5.916 -27773.2 
5.928 -43251.1 
5.94 -60940.3 
5.952 -78619 
5.964 -91908.2 
5.976 -93063.5 
5.988 -69231.5 
6 31.3185 
