1001 2
-6 19.0885 
-5.988 19.0929 
-5.976 19.0972 
-5.964 19.1013 
-5.952 19.1053 
-5.94 19.1091 
-5.928 19.1128 
-5.916 19.1163 
-5.904 19.1197 
-5.892 19.1228 
-5.88 19.1258 
-5.868 19.1286 
-5.856 19.1311 
-5.844 19.1335 
-5.832 19.1357 
-5.82 19.1376 
-5.808 19.1394 
-5.796 19.1409 
-5.784 19.1422 
-5.772 19.1433 
-5.76 19.1441 
-5.748 19.1447 
-5.736 19.145 
-5.724 19.1451 
-5.712 19.1449 
-5.7 19.1445 
-5.688 19.1438 
-5.676 19.1428 
-5.664 19.1415 
-5.652 19.14 
-5.64 19.1381 
-5.628 19.136 
-5.616 19.1336 
-5.604 19.1309 
-5.592 19.1278 
-5.58 19.1245 
-5.568 19.1208 
-5.556 19.1169 
-5.544 19.1126 
-5.532 19.1079 
-5.52 19.103 
-5.508 19.0977 
-5.496 19.092 
-5.484 19.086 
-5.472 19.0797 
-5.46 19.073 
-5.448 19.0659 
-5.436 19.0585 
-5.424 19.0507 
-5.412 19.0426 
-5.4 19.0341 
-5.388 19.0251 
-5.376 19.0159 
-5.364 19.0062 
-5.352 18.9961 
-5.34 18.9857 
-5.328 18.9748 
-5.316 18.9636 
-5.304 18.9519 
-5.292 18.9399 
-5.28 18.9274 
-5.268 18.9145 
-5.256 18.9012 
-5.244 18.8875 
-5.232 18.8734 
-5.22 18.8588 
-5.208 18.8438 
-5.196 18.8284 
-5.184 18.8126 
-5.172 18.7963 
-5.16 18.7796 
-5.148 18.7624 
-5.136 18.7448 
-5.124 18.7267 
-5.112 18.7082 
-5.1 18.6893 
-5.088 18.6699 
-5.076 18.65 
-5.064 18.6297 
-5.052 18.6089 
-5.04 18.5877 
-5.028 18.566 
-5.016 18.5438 
-5.004 18.5212 
-4.992 18.498 
-4.98 18.4745 
-4.968 18.4504 
-4.956 18.4259 
-4.944 18.4009 
-4.932 18.3754 
-4.92 18.3495 
-4.908 18.3231 
-4.896 18.2962 
-4.884 18.2688 
-4.872 18.2409 
-4.86 18.2126 
-4.848 18.1837 
-4.836 18.1544 
-4.824 18.1246 
-4.812 18.0943 
-4.8 18.0636 
-4.788 18.0323 
-4.776 18.0006 
-4.764 17.9683 
-4.752 17.9356 
-4.74 17.9024 
-4.728 17.8687 
-4.716 17.8345 
-4.704 17.7998 
-4.692 17.7647 
-4.68 17.729 
-4.668 17.6929 
-4.656 17.6562 
-4.644 17.6191 
-4.632 17.5815 
-4.62 17.5434 
-4.608 17.5049 
-4.596 17.4658 
-4.584 17.4263 
-4.572 17.3862 
-4.56 17.3457 
-4.548 17.3047 
-4.536 17.2633 
-4.524 17.2213 
-4.512 17.1789 
-4.5 17.136 
-4.488 17.0926 
-4.476 17.0487 
-4.464 17.0044 
-4.452 16.9596 
-4.44 16.9143 
-4.428 16.8686 
-4.416 16.8224 
-4.404 16.7757 
-4.392 16.7286 
-4.38 16.681 
-4.368 16.6329 
-4.356 16.5844 
-4.344 16.5354 
-4.332 16.486 
-4.32 16.4361 
-4.308 16.3858 
-4.296 16.335 
-4.284 16.2838 
-4.272 16.2321 
-4.26 16.18 
-4.248 16.1275 
-4.236 16.0745 
-4.224 16.0211 
-4.212 15.9673 
-4.2 15.9131 
-4.188 15.8584 
-4.176 15.8033 
-4.164 15.7478 
-4.152 15.6919 
-4.14 15.6356 
-4.128 15.5788 
-4.116 15.5217 
-4.104 15.4642 
-4.092 15.4062 
-4.08 15.3479 
-4.068 15.2892 
-4.056 15.2301 
-4.044 15.1706 
-4.032 15.1108 
-4.02 15.0505 
-4.008 14.9899 
-3.996 14.9289 
-3.984 14.8676 
-3.972 14.8059 
-3.96 14.7439 
-3.948 14.6815 
-3.936 14.6187 
-3.924 14.5557 
-3.912 14.4922 
-3.9 14.4285 
-3.888 14.3644 
-3.876 14.3 
-3.864 14.2353 
-3.852 14.1702 
-3.84 14.1049 
-3.828 14.0392 
-3.816 13.9732 
-3.804 13.907 
-3.792 13.8404 
-3.78 13.7736 
-3.768 13.7065 
-3.756 13.6391 
-3.744 13.5714 
-3.732 13.5035 
-3.72 13.4353 
-3.708 13.3668 
-3.696 13.2981 
-3.684 13.2291 
-3.672 13.1599 
-3.66 13.0905 
-3.648 13.0208 
-3.636 12.9509 
-3.624 12.8808 
-3.612 12.8105 
-3.6 12.7399 
-3.588 12.6692 
-3.576 12.5982 
-3.564 12.5271 
-3.552 12.4558 
-3.54 12.3843 
-3.528 12.3126 
-3.516 12.2407 
-3.504 12.1687 
-3.492 12.0965 
-3.48 12.0241 
-3.468 11.9517 
-3.456 11.879 
-3.444 11.8062 
-3.432 11.7333 
-3.42 11.6603 
-3.408 11.5872 
-3.396 11.5139 
-3.384 11.4405 
-3.372 11.367 
-3.36 11.2935 
-3.348 11.2198 
-3.336 11.146 
-3.324 11.0722 
-3.312 10.9983 
-3.3 10.9243 
-3.288 10.8503 
-3.276 10.7762 
-3.264 10.7021 
-3.252 10.6279 
-3.24 10.5537 
-3.228 10.4795 
-3.216 10.4052 
-3.204 10.3309 
-3.192 10.2566 
-3.18 10.1823 
-3.168 10.108 
-3.156 10.0337 
-3.144 9.95938 
-3.132 9.8851 
-3.12 9.81084 
-3.108 9.73662 
-3.096 9.66244 
-3.084 9.58829 
-3.072 9.5142 
-3.06 9.44016 
-3.048 9.36618 
-3.036 9.29224 
-3.024 9.2184 
-3.012 9.14463 
-3 9.07096 
-2.988 8.99735 
-2.976 8.92386 
-2.964 8.85048 
-2.952 8.7772 
-2.94 8.70402 
-2.928 8.63097 
-2.916 8.55802 
-2.904 8.48524 
-2.892 8.41259 
-2.88 8.34008 
-2.868 8.26771 
-2.856 8.1955 
-2.844 8.1235 
-2.832 8.05158 
-2.82 7.97989 
-2.808 7.90836 
-2.796 7.837 
-2.784 7.76585 
-2.772 7.69497 
-2.76 7.62421 
-2.748 7.55365 
-2.736 7.48333 
-2.724 7.41313 
-2.712 7.34328 
-2.7 7.27364 
-2.688 7.20421 
-2.676 7.135 
-2.664 7.06611 
-2.652 6.99743 
-2.64 6.92901 
-2.628 6.86085 
-2.616 6.79294 
-2.604 6.72535 
-2.592 6.65798 
-2.58 6.59093 
-2.568 6.52415 
-2.556 6.45765 
-2.544 6.39151 
-2.532 6.32565 
-2.52 6.2601 
-2.508 6.19486 
-2.496 6.12994 
-2.484 6.06533 
-2.472 6.00107 
-2.46 5.93714 
-2.448 5.87355 
-2.436 5.81028 
-2.424 5.74737 
-2.412 5.68482 
-2.4 5.62217 
-2.388 5.56081 
-2.376 5.49934 
-2.364 5.43825 
-2.352 5.37754 
-2.34 5.3172 
-2.328 5.25727 
-2.316 5.19771 
-2.304 5.13854 
-2.292 5.07978 
-2.28 5.02142 
-2.268 4.96063 
-2.256 4.9059 
-2.244 4.84876 
-2.232 4.79204 
-2.22 4.73574 
-2.208 4.67987 
-2.196 4.62442 
-2.184 4.56942 
-2.172 4.51485 
-2.16 4.46071 
-2.148 4.40673 
-2.136 4.35378 
-2.124 4.30099 
-2.112 4.24866 
-2.1 4.19678 
-2.088 4.14536 
-2.076 4.09439 
-2.064 4.0439 
-2.052 3.99388 
-2.04 3.94433 
-2.028 3.89526 
-2.016 3.84667 
-2.004 3.79855 
-1.992 3.75091 
-1.98 3.70378 
-1.968 3.65714 
-1.956 3.61099 
-1.944 3.5653 
-1.932 3.52013 
-1.92 3.47546 
-1.908 3.43131 
-1.896 3.38762 
-1.884 3.34448 
-1.872 3.30182 
-1.86 3.25974 
-1.848 3.21803 
-1.836 3.17691 
-1.824 3.13631 
-1.812 3.09622 
-1.8 3.05665 
-1.788 3.0176 
-1.776 2.97908 
-1.764 2.94108 
-1.752 2.9036 
-1.74 2.86665 
-1.728 2.83025 
-1.716 2.79432 
-1.704 2.75896 
-1.692 2.72413 
-1.68 2.68982 
-1.668 2.65606 
-1.656 2.62282 
-1.644 2.59012 
-1.632 2.55795 
-1.62 2.52633 
-1.608 2.49523 
-1.596 2.46467 
-1.584 2.43465 
-1.572 2.40516 
-1.56 2.37622 
-1.548 2.34781 
-1.536 2.31965 
-1.524 2.2926 
-1.512 2.26586 
-1.5 2.23955 
-1.488 2.21382 
-1.476 2.18865 
-1.464 2.164 
-1.452 2.13992 
-1.44 2.11635 
-1.428 2.09332 
-1.416 2.07082 
-1.404 2.04887 
-1.392 2.02744 
-1.38 2.00655 
-1.368 1.98619 
-1.356 1.96616 
-1.344 1.94706 
-1.332 1.9283 
-1.32 1.91006 
-1.308 1.89235 
-1.296 1.87517 
-1.284 1.8585 
-1.272 1.84238 
-1.26 1.82675 
-1.248 1.81168 
-1.236 1.79711 
-1.224 1.78305 
-1.212 1.76952 
-1.2 1.75649 
-1.188 1.74399 
-1.176 1.73199 
-1.164 1.72051 
-1.152 1.70951 
-1.14 1.69903 
-1.128 1.68905 
-1.116 1.67957 
-1.104 1.67059 
-1.092 1.66211 
-1.08 1.65412 
-1.068 1.64661 
-1.056 1.63959 
-1.044 1.63307 
-1.032 1.62703 
-1.02 1.62147 
-1.008 1.61637 
-0.996 1.61176 
-0.984 1.60762 
-0.972 1.60395 
-0.96 1.60075 
-0.948 1.59801 
-0.936 1.59574 
-0.924 1.59389 
-0.912 1.59252 
-0.9 1.59159 
-0.888 1.59112 
-0.876 1.59109 
-0.864 1.5915 
-0.852 1.59234 
-0.84 1.5936 
-0.828 1.5953 
-0.816 1.59743 
-0.804 1.59998 
-0.792 1.60294 
-0.78 1.60632 
-0.768 1.61011 
-0.756 1.61432 
-0.744 1.61892 
-0.732 1.62391 
-0.72 1.62931 
-0.708 1.6351 
-0.696 1.64127 
-0.684 1.64783 
-0.672 1.65475 
-0.66 1.66206 
-0.648 1.66974 
-0.636 1.67777 
-0.624 1.68617 
-0.612 1.69492 
-0.6 1.70403 
-0.588 1.71348 
-0.576 1.72327 
-0.564 1.7334 
-0.552 1.74389 
-0.54 1.75468 
-0.528 1.7658 
-0.516 1.77724 
-0.504 1.78899 
-0.492 1.80106 
-0.48 1.81343 
-0.468 1.82608 
-0.456 1.83907 
-0.444 1.85233 
-0.432 1.86586 
-0.42 1.87969 
-0.408 1.89379 
-0.396 1.90816 
-0.384 1.92279 
-0.372 1.93768 
-0.36 1.95283 
-0.348 1.96823 
-0.336 1.98386 
-0.324 1.99975 
-0.312 2.01587 
-0.3 2.03224 
-0.288 2.04879 
-0.276 2.06558 
-0.264 2.0826 
-0.252 2.09982 
-0.24 2.11723 
-0.228 2.13484 
-0.216 2.15266 
-0.204 2.17062 
-0.192 2.18882 
-0.18 2.20718 
-0.168 2.2257 
-0.156 2.24433 
-0.144 2.26323 
-0.132 2.28221 
-0.12 2.3014 
-0.108 2.32073 
-0.096 2.34014 
-0.084 2.35972 
-0.072 2.37941 
-0.06 2.39924 
-0.048 2.41919 
-0.036 2.43925 
-0.024 2.45938 
-0.012 2.47965 
0 2.5 
0.012 2.52044 
0.024 2.54097 
0.036 2.56158 
0.048 2.58226 
0.06 2.60301 
0.072 2.62381 
0.084 2.64467 
0.096 2.66562 
0.108 2.68657 
0.12 2.7076 
0.132 2.72865 
0.144 2.74972 
0.156 2.77083 
0.168 2.79194 
0.18 2.8131 
0.192 2.83427 
0.204 2.8554 
0.216 2.87654 
0.228 2.89769 
0.24 2.91882 
0.252 2.93992 
0.264 2.96097 
0.276 2.98209 
0.288 3.00312 
0.3 3.02412 
0.312 3.04507 
0.324 3.06599 
0.336 3.08684 
0.348 3.10765 
0.36 3.12839 
0.372 3.14907 
0.384 3.16968 
0.396 3.19018 
0.408 3.21063 
0.42 3.23098 
0.432 3.25124 
0.444 3.2714 
0.456 3.29146 
0.468 3.31142 
0.48 3.33126 
0.492 3.35096 
0.504 3.3706 
0.516 3.39008 
0.528 3.40944 
0.54 3.42866 
0.552 3.44777 
0.564 3.46671 
0.576 3.48551 
0.588 3.50415 
0.6 3.52266 
0.612 3.54101 
0.624 3.55919 
0.636 3.57718 
0.648 3.59502 
0.66 3.61268 
0.672 3.63016 
0.684 3.64746 
0.696 3.66456 
0.708 3.68148 
0.72 3.6982 
0.732 3.71471 
0.744 3.73104 
0.756 3.74716 
0.768 3.76306 
0.78 3.77875 
0.792 3.79425 
0.804 3.8095 
0.816 3.82453 
0.828 3.83934 
0.84 3.85392 
0.852 3.86828 
0.864 3.88238 
0.876 3.89626 
0.888 3.90989 
0.9 3.92326 
0.912 3.9364 
0.924 3.94928 
0.936 3.96193 
0.948 3.97429 
0.96 3.9864 
0.972 3.99825 
0.984 4.00983 
0.996 4.02116 
1.008 4.03221 
1.02 4.043 
1.032 4.05351 
1.044 4.06374 
1.056 4.0737 
1.068 4.08337 
1.08 4.09277 
1.092 4.10189 
1.104 4.11072 
1.116 4.11925 
1.128 4.1275 
1.14 4.13545 
1.152 4.14313 
1.164 4.15049 
1.176 4.15758 
1.188 4.16435 
1.2 4.17083 
1.212 4.17702 
1.224 4.18289 
1.236 4.18847 
1.248 4.19377 
1.26 4.19872 
1.272 4.2034 
1.284 4.20778 
1.296 4.21185 
1.308 4.21559 
1.32 4.21905 
1.332 4.2222 
1.344 4.22503 
1.356 4.22756 
1.368 4.22979 
1.38 4.23168 
1.392 4.23328 
1.404 4.23458 
1.416 4.23557 
1.428 4.23624 
1.44 4.23661 
1.452 4.23667 
1.464 4.23643 
1.476 4.23589 
1.488 4.23503 
1.5 4.23385 
1.512 4.23239 
1.524 4.23063 
1.536 4.22855 
1.548 4.22615 
1.56 4.22348 
1.572 4.22049 
1.584 4.2172 
1.596 4.21365 
1.608 4.20977 
1.62 4.20559 
1.632 4.20112 
1.644 4.19638 
1.656 4.19133 
1.668 4.18598 
1.68 4.18037 
1.692 4.17445 
1.704 4.16827 
1.716 4.16181 
1.728 4.15504 
1.74 4.148 
1.752 4.14073 
1.764 4.13313 
1.776 4.12527 
1.788 4.11716 
1.8 4.10878 
1.812 4.10013 
1.824 4.09124 
1.836 4.08208 
1.848 4.07266 
1.86 4.06298 
1.872 4.05306 
1.884 4.04293 
1.896 4.03252 
1.908 4.02188 
1.92 4.01102 
1.932 3.99999 
1.944 3.9886 
1.956 3.97703 
1.968 3.96525 
1.98 3.95325 
1.992 3.94105 
2.004 3.92863 
2.016 3.91598 
2.028 3.90318 
2.04 3.89014 
2.052 3.87692 
2.064 3.86348 
2.076 3.8499 
2.088 3.83606 
2.1 3.82218 
2.112 3.80806 
2.124 3.79378 
2.136 3.77934 
2.148 3.76472 
2.16 3.74997 
2.172 3.73511 
2.184 3.72002 
2.196 3.70484 
2.208 3.6895 
2.22 3.67409 
2.232 3.65848 
2.244 3.64279 
2.256 3.62701 
2.268 3.61111 
2.28 3.59506 
2.292 3.57896 
2.304 3.56275 
2.316 3.54646 
2.328 3.53011 
2.34 3.5137 
2.352 3.49718 
2.364 3.48062 
2.376 3.464 
2.388 3.44734 
2.4 3.43064 
2.412 3.41392 
2.424 3.39713 
2.436 3.38034 
2.448 3.36352 
2.46 3.34669 
2.472 3.32985 
2.484 3.31303 
2.496 3.29621 
2.508 3.27942 
2.52 3.26259 
2.532 3.24582 
2.544 3.22909 
2.556 3.21241 
2.568 3.19578 
2.58 3.1792 
2.592 3.16269 
2.604 3.14624 
2.616 3.12986 
2.628 3.11357 
2.64 3.09739 
2.652 3.08128 
2.664 3.0653 
2.676 3.04942 
2.688 3.03366 
2.7 3.018 
2.712 3.00253 
2.724 2.98718 
2.736 2.97197 
2.748 2.95692 
2.76 2.94203 
2.772 2.92731 
2.784 2.91278 
2.796 2.89844 
2.808 2.88432 
2.82 2.87035 
2.832 2.85662 
2.844 2.84311 
2.856 2.82982 
2.868 2.81678 
2.88 2.80398 
2.892 2.79144 
2.904 2.77913 
2.916 2.76711 
2.928 2.75535 
2.94 2.7439 
2.952 2.73271 
2.964 2.72184 
2.976 2.71125 
2.988 2.70103 
3 2.69109 
3.012 2.68148 
3.024 2.67226 
3.036 2.66333 
3.048 2.65479 
3.06 2.64662 
3.072 2.63883 
3.084 2.63139 
3.096 2.62437 
3.108 2.61775 
3.12 2.61154 
3.132 2.60575 
3.144 2.60038 
3.156 2.59544 
3.168 2.59094 
3.18 2.58691 
3.192 2.58329 
3.204 2.58021 
3.216 2.57753 
3.228 2.57542 
3.24 2.57377 
3.252 2.5726 
3.264 2.57197 
3.276 2.57186 
3.288 2.57226 
3.3 2.57321 
3.312 2.57472 
3.324 2.5768 
3.336 2.57939 
3.348 2.5826 
3.36 2.58636 
3.372 2.59073 
3.384 2.5957 
3.396 2.60126 
3.408 2.60746 
3.42 2.61426 
3.432 2.62172 
3.444 2.62981 
3.456 2.63855 
3.468 2.64793 
3.48 2.65801 
3.492 2.66875 
3.504 2.68018 
3.516 2.69229 
3.528 2.70514 
3.54 2.71868 
3.552 2.73296 
3.564 2.74795 
3.576 2.76369 
3.588 2.78017 
3.6 2.79742 
3.612 2.81544 
3.624 2.83422 
3.636 2.85377 
3.648 2.87413 
3.66 2.89526 
3.672 2.91723 
3.684 2.94 
3.696 2.96358 
3.708 2.98801 
3.72 3.01326 
3.732 3.03936 
3.744 3.06633 
3.756 3.09418 
3.768 3.12288 
3.78 3.1525 
3.792 3.18299 
3.804 3.21438 
3.816 3.24666 
3.828 3.27989 
3.84 3.31405 
3.852 3.34914 
3.864 3.38516 
3.876 3.42213 
3.888 3.46005 
3.9 3.49894 
3.912 3.53882 
3.924 3.57966 
3.936 3.62149 
3.948 3.66433 
3.96 3.70816 
3.972 3.75299 
3.984 3.79887 
3.996 3.84578 
4.008 3.89374 
4.02 3.94274 
4.032 3.99279 
4.044 4.0439 
4.056 4.09608 
4.068 4.14933 
4.08 4.20369 
4.092 4.25916 
4.104 4.31568 
4.116 4.37332 
4.128 4.43209 
4.14 4.49197 
4.152 4.55299 
4.164 4.61515 
4.176 4.67844 
4.188 4.74289 
4.2 4.80849 
4.212 4.87525 
4.224 4.94321 
4.236 5.01234 
4.248 5.08267 
4.26 5.15421 
4.272 5.22693 
4.284 5.30088 
4.296 5.37602 
4.308 5.45241 
4.32 5.53005 
4.332 5.60893 
4.344 5.68903 
4.356 5.77041 
4.368 5.85304 
4.38 5.93694 
4.392 6.02211 
4.404 6.10854 
4.416 6.19627 
4.428 6.28525 
4.44 6.37553 
4.452 6.46709 
4.464 6.55991 
4.476 6.65413 
4.488 6.74956 
4.5 6.84647 
4.512 6.94475 
4.524 7.04424 
4.536 7.14529 
4.548 7.24778 
4.56 7.35168 
4.572 7.45717 
4.584 7.56413 
4.596 7.67292 
4.608 7.78296 
4.62 7.89336 
4.632 8.00673 
4.644 8.12017 
4.656 8.23384 
4.668 8.34917 
4.68 8.4649 
4.692 8.58087 
4.704 8.69745 
4.716 8.81561 
4.728 8.92871 
4.74 9.05185 
4.752 9.17471 
4.764 9.31014 
4.776 9.42933 
4.788 9.57164 
4.8 9.72117 
4.812 9.87461 
4.824 10.0561 
4.836 10.2165 
4.848 10.3729 
4.86 10.5293 
4.872 10.7347 
4.884 10.8844 
4.896 11.0892 
4.908 11.1434 
4.92 11.1261 
4.932 10.9927 
4.944 10.9507 
4.956 10.6251 
4.968 10.3432 
4.98 10.205 
4.992 9.93645 
5.004 10.1728 
5.016 10.0936 
5.028 11.3899 
5.04 12.685 
5.052 14.8688 
5.064 17.6332 
5.076 22.5539 
5.088 21.0723 
5.1 27.5806 
5.112 34.9381 
5.124 36.8041 
5.136 42.7029 
5.148 34.3832 
5.16 14.4027 
5.172 -14.1023 
5.184 -40.192 
5.196 -129.762 
5.208 -140.285 
5.22 -230.175 
5.232 -241.837 
5.244 -301.182 
5.256 -279.033 
5.268 -231.218 
5.28 16.284 
5.292 346.783 
5.304 1112.46 
5.316 1386.67 
5.328 2272.67 
5.34 2713.27 
5.352 3812.62 
5.364 5096.66 
5.376 4362.04 
5.388 3875.86 
5.4 18.3333 
5.412 -6001.32 
5.424 -14091.9 
5.436 -27140 
5.448 -54653.3 
5.46 -48096.1 
5.472 -60854.8 
5.484 -83758.3 
5.496 -96730.7 
5.508 -60801.3 
5.52 20.5549 
5.532 102379 
5.544 255641 
5.556 450974 
5.568 926027 
5.58 783888 
5.592 1.6659e+06 
5.604 1.27079e+06 
5.616 1.81428e+06 
5.628 883607 
5.64 22.953 
5.652 -2.10718e+06 
5.664 -5.93863e+06 
5.676 -8.63927e+06 
5.688 -2.17479e+07 
5.7 -2.40307e+07 
5.712 -5.04153e+07 
5.724 -5.26615e+07 
5.736 -6.57778e+07 
5.748 -3.14272e+07 
5.76 25.5319 
5.772 6.20461e+07 
5.784 1.27463e+08 
5.796 4.84051e+08 
5.808 8.85093e+08 
5.82 9.31007e+08 
5.832 1.63718e+09 
5.844 1.83225e+09 
5.856 2.63896e+09 
5.868 1.10441e+09 
5.88 28.2957 
5.892 -2.98281e+09 
5.904 -1.03501e+10 
5.916 -1.84534e+10 
5.928 -3.03623e+10 
5.94 -5.12829e+10 
5.952 -1.44248e+11 
5.964 -1.39124e+11 
5.976 -1.78881e+11 
5.988 -1.73042e+11 
6 31.2499 
