1001 2
-6 19.0885 
-5.988 19.0929 
-5.976 19.0972 
-5.964 19.1013 
-5.952 19.1053 
-5.94 19.1091 
-5.928 19.1128 
-5.916 19.1163 
-5.904 19.1197 
-5.892 19.1228 
-5.88 19.1258 
-5.868 19.1285 
-5.856 19.1311 
-5.844 19.1335 
-5.832 19.1357 
-5.82 19.1376 
-5.808 19.1394 
-5.796 19.1409 
-5.784 19.1422 
-5.772 19.1433 
-5.76 19.1441 
-5.748 19.1447 
-5.736 19.145 
-5.724 19.1451 
-5.712 19.1449 
-5.7 19.1445 
-5.688 19.1438 
-5.676 19.1428 
-5.664 19.1415 
-5.652 19.14 
-5.64 19.1381 
-5.628 19.136 
-5.616 19.1336 
-5.604 19.1309 
-5.592 19.1278 
-5.58 19.1245 
-5.568 19.1208 
-5.556 19.1169 
-5.544 19.1126 
-5.532 19.1079 
-5.52 19.103 
-5.508 19.0977 
-5.496 19.092 
-5.484 19.086 
-5.472 19.0797 
-5.46 19.073 
-5.448 19.0659 
-5.436 19.0585 
-5.424 19.0507 
-5.412 19.0426 
-5.4 19.0341 
-5.388 19.0251 
-5.376 19.0159 
-5.364 19.0062 
-5.352 18.9961 
-5.34 18.9857 
-5.328 18.9748 
-5.316 18.9636 
-5.304 18.9519 
-5.292 18.9399 
-5.28 18.9274 
-5.268 18.9145 
-5.256 18.9012 
-5.244 18.8875 
-5.232 18.8734 
-5.22 18.8588 
-5.208 18.8438 
-5.196 18.8284 
-5.184 18.8126 
-5.172 18.7963 
-5.16 18.7796 
-5.148 18.7624 
-5.136 18.7448 
-5.124 18.7267 
-5.112 18.7082 
-5.1 18.6893 
-5.088 18.6699 
-5.076 18.65 
-5.064 18.6297 
-5.052 18.6089 
-5.04 18.5877 
-5.028 18.566 
-5.016 18.5438 
-5.004 18.5212 
-4.992 18.498 
-4.98 18.4745 
-4.968 18.4504 
-4.956 18.4259 
-4.944 18.4009 
-4.932 18.3754 
-4.92 18.3495 
-4.908 18.3231 
-4.896 18.2962 
-4.884 18.2688 
-4.872 18.2409 
-4.86 18.2126 
-4.848 18.1837 
-4.836 18.1544 
-4.824 18.1246 
-4.812 18.0943 
-4.8 18.0636 
-4.788 18.0323 
-4.776 18.0006 
-4.764 17.9683 
-4.752 17.9356 
-4.74 17.9024 
-4.728 17.8687 
-4.716 17.8345 
-4.704 17.7998 
-4.692 17.7647 
-4.68 17.729 
-4.668 17.6929 
-4.656 17.6562 
-4.644 17.6191 
-4.632 17.5815 
-4.62 17.5434 
-4.608 17.5049 
-4.596 17.4658 
-4.584 17.4263 
-4.572 17.3862 
-4.56 17.3457 
-4.548 17.3047 
-4.536 17.2633 
-4.524 17.2213 
-4.512 17.1789 
-4.5 17.136 
-4.488 17.0926 
-4.476 17.0487 
-4.464 17.0044 
-4.452 16.9596 
-4.44 16.9143 
-4.428 16.8686 
-4.416 16.8224 
-4.404 16.7757 
-4.392 16.7286 
-4.38 16.681 
-4.368 16.6329 
-4.356 16.5844 
-4.344 16.5354 
-4.332 16.486 
-4.32 16.4361 
-4.308 16.3858 
-4.296 16.335 
-4.284 16.2838 
-4.272 16.2321 
-4.26 16.18 
-4.248 16.1275 
-4.236 16.0745 
-4.224 16.0211 
-4.212 15.9673 
-4.2 15.9131 
-4.188 15.8584 
-4.176 15.8033 
-4.164 15.7478 
-4.152 15.6919 
-4.14 15.6356 
-4.128 15.5788 
-4.116 15.5217 
-4.104 15.4642 
-4.092 15.4062 
-4.08 15.3479 
-4.068 15.2892 
-4.056 15.2301 
-4.044 15.1706 
-4.032 15.1107 
-4.02 15.0505 
-4.008 14.9899 
-3.996 14.9289 
-3.984 14.8676 
-3.972 14.8059 
-3.96 14.7439 
-3.948 14.6815 
-3.936 14.6187 
-3.924 14.5557 
-3.912 14.4922 
-3.9 14.4285 
-3.888 14.3644 
-3.876 14.3 
-3.864 14.2353 
-3.852 14.1702 
-3.84 14.1049 
-3.828 14.0392 
-3.816 13.9732 
-3.804 13.907 
-3.792 13.8404 
-3.78 13.7736 
-3.768 13.7065 
-3.756 13.6391 
-3.744 13.5714 
-3.732 13.5035 
-3.72 13.4353 
-3.708 13.3668 
-3.696 13.2981 
-3.684 13.2291 
-3.672 13.1599 
-3.66 13.0905 
-3.648 13.0208 
-3.636 12.9509 
-3.624 12.8808 
-3.612 12.8105 
-3.6 12.7399 
-3.588 12.6692 
-3.576 12.5982 
-3.564 12.5271 
-3.552 12.4558 
-3.54 12.3843 
-3.528 12.3126 
-3.516 12.2407 
-3.504 12.1687 
-3.492 12.0965 
-3.48 12.0241 
-3.468 11.9517 
-3.456 11.879 
-3.444 11.8062 
-3.432 11.7333 
-3.42 11.6603 
-3.408 11.5872 
-3.396 11.5139 
-3.384 11.4405 
-3.372 11.367 
-3.36 11.2935 
-3.348 11.2198 
-3.336 11.146 
-3.324 11.0722 
-3.312 10.9983 
-3.3 10.9243 
-3.288 10.8503 
-3.276 10.7762 
-3.264 10.7021 
-3.252 10.6279 
-3.24 10.5537 
-3.228 10.4795 
-3.216 10.4052 
-3.204 10.3309 
-3.192 10.2566 
-3.18 10.1823 
-3.168 10.108 
-3.156 10.0337 
-3.144 9.95938 
-3.132 9.8851 
-3.12 9.81085 
-3.108 9.73663 
-3.096 9.66244 
-3.084 9.5883 
-3.072 9.5142 
-3.06 9.44016 
-3.048 9.36617 
-3.036 9.29226 
-3.024 9.21841 
-3.012 9.14464 
-3 9.07096 
-2.988 8.99737 
-2.976 8.92387 
-2.964 8.85048 
-2.952 8.77719 
-2.94 8.70402 
-2.928 8.63097 
-2.916 8.55804 
-2.904 8.48525 
-2.892 8.41259 
-2.88 8.34008 
-2.868 8.26772 
-2.856 8.19551 
-2.844 8.12347 
-2.832 8.05159 
-2.82 7.97989 
-2.808 7.90836 
-2.796 7.83702 
-2.784 7.76587 
-2.772 7.69492 
-2.76 7.62417 
-2.748 7.55363 
-2.736 7.4833 
-2.724 7.41318 
-2.712 7.3433 
-2.7 7.27364 
-2.688 7.20422 
-2.676 7.13504 
-2.664 7.06611 
-2.652 6.99742 
-2.64 6.929 
-2.628 6.86084 
-2.616 6.79295 
-2.604 6.72533 
-2.592 6.65799 
-2.58 6.59093 
-2.568 6.52416 
-2.556 6.45769 
-2.544 6.39152 
-2.532 6.32565 
-2.52 6.26009 
-2.508 6.19485 
-2.496 6.12993 
-2.484 6.06533 
-2.472 6.00106 
-2.46 5.93713 
-2.448 5.87353 
-2.436 5.81028 
-2.424 5.74738 
-2.412 5.68483 
-2.4 5.62264 
-2.388 5.56081 
-2.376 5.49935 
-2.364 5.43826 
-2.352 5.37755 
-2.34 5.31721 
-2.328 5.25727 
-2.316 5.19771 
-2.304 5.13854 
-2.292 5.07977 
-2.28 5.02141 
-2.268 4.96345 
-2.256 4.9059 
-2.244 4.84876 
-2.232 4.79204 
-2.22 4.73575 
-2.208 4.67987 
-2.196 4.62443 
-2.184 4.56942 
-2.172 4.51485 
-2.16 4.46072 
-2.148 4.40703 
-2.136 4.35378 
-2.124 4.30099 
-2.112 4.24865 
-2.1 4.19677 
-2.088 4.14535 
-2.076 4.09439 
-2.064 4.0439 
-2.052 3.99388 
-2.04 3.94433 
-2.028 3.89526 
-2.016 3.84667 
-2.004 3.79855 
-1.992 3.75092 
-1.98 3.70378 
-1.968 3.65713 
-1.956 3.61097 
-1.944 3.5653 
-1.932 3.52013 
-1.92 3.47546 
-1.908 3.43128 
-1.896 3.38762 
-1.884 3.34446 
-1.872 3.3018 
-1.86 3.25966 
-1.848 3.21803 
-1.836 3.17691 
-1.824 3.1363 
-1.812 3.09622 
-1.8 3.05665 
-1.788 3.0176 
-1.776 2.97908 
-1.764 2.94108 
-1.752 2.9036 
-1.74 2.86665 
-1.728 2.83022 
-1.716 2.79433 
-1.704 2.75896 
-1.692 2.72413 
-1.68 2.68983 
-1.668 2.65606 
-1.656 2.62282 
-1.644 2.59012 
-1.632 2.55795 
-1.62 2.52632 
-1.608 2.49523 
-1.596 2.46467 
-1.584 2.43465 
-1.572 2.40516 
-1.56 2.37622 
-1.548 2.34781 
-1.536 2.31994 
-1.524 2.29261 
-1.512 2.26581 
-1.5 2.23956 
-1.488 2.21384 
-1.476 2.18866 
-1.464 2.16402 
-1.452 2.13992 
-1.44 2.11635 
-1.428 2.09332 
-1.416 2.07082 
-1.404 2.04886 
-1.392 2.02744 
-1.38 2.00655 
-1.368 1.98619 
-1.356 1.96636 
-1.344 1.94706 
-1.332 1.9283 
-1.32 1.91006 
-1.308 1.89235 
-1.296 1.87517 
-1.284 1.85851 
-1.272 1.84238 
-1.26 1.82677 
-1.248 1.81168 
-1.236 1.79711 
-1.224 1.78305 
-1.212 1.76952 
-1.2 1.75649 
-1.188 1.74398 
-1.176 1.73198 
-1.164 1.72049 
-1.152 1.70951 
-1.14 1.69903 
-1.128 1.68905 
-1.116 1.67957 
-1.104 1.67059 
-1.092 1.66211 
-1.08 1.65412 
-1.068 1.64662 
-1.056 1.6396 
-1.044 1.63308 
-1.032 1.62703 
-1.02 1.62147 
-1.008 1.61638 
-0.996 1.61177 
-0.984 1.60763 
-0.972 1.60395 
-0.96 1.60075 
-0.948 1.598 
-0.936 1.59572 
-0.924 1.59389 
-0.912 1.59252 
-0.9 1.59159 
-0.888 1.59111 
-0.876 1.59108 
-0.864 1.59148 
-0.852 1.59232 
-0.84 1.5936 
-0.828 1.5953 
-0.816 1.59743 
-0.804 1.59998 
-0.792 1.60295 
-0.78 1.60633 
-0.768 1.61012 
-0.756 1.61432 
-0.744 1.61892 
-0.732 1.62392 
-0.72 1.62931 
-0.708 1.6351 
-0.696 1.64127 
-0.684 1.64782 
-0.672 1.65475 
-0.66 1.66206 
-0.648 1.66973 
-0.636 1.67777 
-0.624 1.68617 
-0.612 1.69492 
-0.6 1.70403 
-0.588 1.71348 
-0.576 1.72328 
-0.564 1.73341 
-0.552 1.74388 
-0.54 1.75468 
-0.528 1.7658 
-0.516 1.77724 
-0.504 1.789 
-0.492 1.80106 
-0.48 1.81343 
-0.468 1.8261 
-0.456 1.83907 
-0.444 1.85232 
-0.432 1.86587 
-0.42 1.87969 
-0.408 1.89378 
-0.396 1.90815 
-0.384 1.92279 
-0.372 1.93768 
-0.36 1.95283 
-0.348 1.96823 
-0.336 1.98387 
-0.324 1.99976 
-0.312 2.01588 
-0.3 2.03223 
-0.288 2.0488 
-0.276 2.06559 
-0.264 2.0826 
-0.252 2.09981 
-0.24 2.11723 
-0.228 2.13484 
-0.216 2.15265 
-0.204 2.17065 
-0.192 2.18882 
-0.18 2.20718 
-0.168 2.2257 
-0.156 2.24439 
-0.144 2.26324 
-0.132 2.28225 
-0.12 2.3014 
-0.108 2.3207 
-0.096 2.34014 
-0.084 2.35972 
-0.072 2.37942 
-0.06 2.39924 
-0.048 2.41918 
-0.036 2.43923 
-0.024 2.45939 
-0.012 2.47965 
0 2.5 
0.012 2.52044 
0.024 2.54097 
0.036 2.56158 
0.048 2.58226 
0.06 2.60301 
0.072 2.62383 
0.084 2.6447 
0.096 2.66562 
0.108 2.68659 
0.12 2.7076 
0.132 2.72865 
0.144 2.74972 
0.156 2.77083 
0.168 2.79195 
0.18 2.81309 
0.192 2.83424 
0.204 2.85539 
0.216 2.87654 
0.228 2.89768 
0.24 2.91882 
0.252 2.93993 
0.264 2.96103 
0.276 2.9821 
0.288 3.00313 
0.3 3.02413 
0.312 3.04509 
0.324 3.066 
0.336 3.08685 
0.348 3.10765 
0.36 3.12839 
0.372 3.14906 
0.384 3.16966 
0.396 3.19018 
0.408 3.21062 
0.42 3.23097 
0.432 3.25123 
0.444 3.27139 
0.456 3.29146 
0.468 3.31141 
0.48 3.33126 
0.492 3.35099 
0.504 3.37061 
0.516 3.39009 
0.528 3.40945 
0.54 3.42868 
0.552 3.44777 
0.564 3.46672 
0.576 3.48552 
0.588 3.50417 
0.6 3.52266 
0.612 3.541 
0.624 3.55917 
0.636 3.57718 
0.648 3.59501 
0.66 3.61267 
0.672 3.63015 
0.684 3.64745 
0.696 3.66456 
0.708 3.68148 
0.72 3.6982 
0.732 3.71473 
0.744 3.73105 
0.756 3.74716 
0.768 3.76307 
0.78 3.77877 
0.792 3.79424 
0.804 3.8095 
0.816 3.82454 
0.828 3.83934 
0.84 3.85392 
0.852 3.86827 
0.864 3.88238 
0.876 3.89625 
0.888 3.90988 
0.9 3.92326 
0.912 3.93639 
0.924 3.94928 
0.936 3.96191 
0.948 3.97428 
0.96 3.9864 
0.972 3.99825 
0.984 4.00984 
0.996 4.02116 
1.008 4.03222 
1.02 4.043 
1.032 4.05351 
1.044 4.06374 
1.056 4.0737 
1.068 4.08338 
1.08 4.09277 
1.092 4.10188 
1.104 4.11071 
1.116 4.11925 
1.128 4.12749 
1.14 4.13545 
1.152 4.14312 
1.164 4.15049 
1.176 4.15757 
1.188 4.16435 
1.2 4.17083 
1.212 4.17702 
1.224 4.1829 
1.236 4.18848 
1.248 4.19376 
1.26 4.19874 
1.272 4.20341 
1.284 4.20778 
1.296 4.21184 
1.308 4.2156 
1.32 4.21905 
1.332 4.22219 
1.344 4.22503 
1.356 4.22755 
1.368 4.22977 
1.38 4.23168 
1.392 4.23329 
1.404 4.23458 
1.416 4.23557 
1.428 4.23624 
1.44 4.23661 
1.452 4.23668 
1.464 4.23643 
1.476 4.23588 
1.488 4.23502 
1.5 4.23386 
1.512 4.23239 
1.524 4.23062 
1.536 4.22854 
1.548 4.22616 
1.56 4.22348 
1.572 4.2205 
1.584 4.21722 
1.596 4.21364 
1.608 4.20976 
1.62 4.20559 
1.632 4.20113 
1.644 4.19637 
1.656 4.19133 
1.668 4.18599 
1.68 4.18037 
1.692 4.17446 
1.704 4.16827 
1.716 4.16179 
1.728 4.15504 
1.74 4.14801 
1.752 4.1407 
1.764 4.13313 
1.776 4.12528 
1.788 4.11716 
1.8 4.10878 
1.812 4.10014 
1.824 4.09124 
1.836 4.08208 
1.848 4.07266 
1.86 4.063 
1.872 4.05309 
1.884 4.04293 
1.896 4.03253 
1.908 4.02189 
1.92 4.01102 
1.932 3.99991 
1.944 3.98858 
1.956 3.97702 
1.968 3.96524 
1.98 3.95325 
1.992 3.94104 
2.004 3.92862 
2.016 3.91599 
2.028 3.90317 
2.04 3.89014 
2.052 3.87692 
2.064 3.86352 
2.076 3.84992 
2.088 3.83615 
2.1 3.8222 
2.112 3.80808 
2.124 3.79379 
2.136 3.77934 
2.148 3.76473 
2.16 3.74997 
2.172 3.73506 
2.184 3.72001 
2.196 inf 
2.208 -inf 
2.22 inf 
2.232 -inf 
2.244 inf 
2.256 inf 
2.268 -inf 
2.28 -inf 
2.292 -inf 
2.304 -inf 
2.316 inf 
2.328 -inf 
2.34 -inf 
2.352 -inf 
2.364 inf 
2.376 inf 
2.388 inf 
2.4 inf 
2.412 -inf 
2.424 -inf 
2.436 inf 
2.448 inf 
2.46 -inf 
2.472 inf 
2.484 -inf 
2.496 inf 
2.508 inf 
2.52 inf 
2.532 inf 
2.544 inf 
2.556 -inf 
2.568 inf 
2.58 -inf 
2.592 inf 
2.604 -inf 
2.616 inf 
2.628 inf 
2.64 inf 
2.652 inf 
2.664 -inf 
2.676 -inf 
2.688 -inf 
2.7 -inf 
2.712 inf 
2.724 inf 
2.736 inf 
2.748 inf 
2.76 -inf 
2.772 inf 
2.784 inf 
2.796 inf 
2.808 inf 
2.82 inf 
2.832 inf 
2.844 inf 
2.856 -inf 
2.868 -inf 
2.88 -inf 
2.892 -inf 
2.904 inf 
2.916 -inf 
2.928 inf 
2.94 inf 
2.952 -inf 
2.964 inf 
2.976 inf 
2.988 inf 
3 -inf 
3.012 inf 
3.024 inf 
3.036 -inf 
3.048 -inf 
3.06 inf 
3.072 inf 
3.084 -inf 
3.096 inf 
3.108 -inf 
3.12 inf 
3.132 inf 
3.144 -inf 
3.156 -inf 
3.168 inf 
3.18 inf 
3.192 -inf 
3.204 inf 
3.216 -inf 
3.228 inf 
3.24 inf 
3.252 inf 
3.264 -inf 
3.276 inf 
3.288 inf 
3.3 -inf 
3.312 inf 
3.324 -inf 
3.336 inf 
3.348 -inf 
3.36 -inf 
3.372 inf 
3.384 -inf 
3.396 -inf 
3.408 inf 
3.42 -inf 
3.432 inf 
3.444 inf 
3.456 inf 
3.468 inf 
3.48 -inf 
3.492 -inf 
3.504 inf 
3.516 -inf 
3.528 inf 
3.54 -inf 
3.552 inf 
3.564 inf 
3.576 -inf 
3.588 -inf 
3.6 inf 
3.612 -inf 
3.624 -inf 
3.636 inf 
3.648 -inf 
3.66 -inf 
3.672 -inf 
3.684 -inf 
3.696 inf 
3.708 -inf 
3.72 -inf 
3.732 -inf 
3.744 -inf 
3.756 inf 
3.768 inf 
3.78 inf 
3.792 -inf 
3.804 -inf 
3.816 inf 
3.828 inf 
3.84 -inf 
3.852 inf 
3.864 inf 
3.876 -inf 
3.888 inf 
3.9 inf 
3.912 -inf 
3.924 -inf 
3.936 inf 
3.948 inf 
3.96 -inf 
3.972 inf 
3.984 inf 
3.996 -inf 
4.008 -inf 
4.02 -inf 
4.032 inf 
4.044 -inf 
4.056 inf 
4.068 inf 
4.08 inf 
4.092 -inf 
4.104 -inf 
4.116 inf 
4.128 -inf 
4.14 -inf 
4.152 -inf 
4.164 inf 
4.176 inf 
4.188 inf 
4.2 inf 
4.212 -inf 
4.224 -inf 
4.236 -inf 
4.248 inf 
4.26 inf 
4.272 -inf 
4.284 inf 
4.296 inf 
4.308 -inf 
4.32 -inf 
4.332 -inf 
4.344 inf 
4.356 -inf 
4.368 inf 
4.38 -inf 
4.392 inf 
4.404 inf 
4.416 -inf 
4.428 -inf 
4.44 -inf 
4.452 inf 
4.464 inf 
4.476 -inf 
4.488 inf 
4.5 inf 
4.512 inf 
4.524 inf 
4.536 inf 
4.548 -inf 
4.56 inf 
4.572 inf 
4.584 inf 
4.596 inf 
4.608 inf 
4.62 -inf 
4.632 -inf 
4.644 -inf 
4.656 -inf 
4.668 -inf 
4.68 -inf 
4.692 -inf 
4.704 -inf 
4.716 -inf 
4.728 inf 
4.74 -inf 
4.752 -inf 
4.764 -inf 
4.776 inf 
4.788 inf 
4.8 -inf 
4.812 inf 
4.824 -inf 
4.836 inf 
4.848 -inf 
4.86 -inf 
4.872 inf 
4.884 -inf 
4.896 -inf 
4.908 inf 
4.92 inf 
4.932 inf 
4.944 -inf 
4.956 -inf 
4.968 -inf 
4.98 inf 
4.992 inf 
5.004 -inf 
5.016 -inf 
5.028 -inf 
5.04 inf 
5.052 -inf 
5.064 inf 
5.076 inf 
5.088 -inf 
5.1 inf 
5.112 inf 
5.124 inf 
5.136 inf 
5.148 inf 
5.16 inf 
5.172 -inf 
5.184 inf 
5.196 -inf 
5.208 inf 
5.22 inf 
5.232 -inf 
5.244 inf 
5.256 inf 
5.268 -inf 
5.28 inf 
5.292 inf 
5.304 -inf 
5.316 -inf 
5.328 -inf 
5.34 -inf 
5.352 inf 
5.364 -inf 
5.376 inf 
5.388 inf 
5.4 -inf 
5.412 inf 
5.424 -inf 
5.436 -inf 
5.448 -inf 
5.46 inf 
5.472 inf 
5.484 -inf 
5.496 inf 
5.508 -inf 
5.52 -inf 
5.532 -inf 
5.544 inf 
5.556 inf 
5.568 -inf 
5.58 inf 
5.592 -inf 
5.604 -inf 
5.616 inf 
5.628 -inf 
5.64 -inf 
5.652 -inf 
5.664 -inf 
5.676 inf 
5.688 inf 
5.7 inf 
5.712 -inf 
5.724 -inf 
5.736 inf 
5.748 -inf 
5.76 -inf 
5.772 inf 
5.784 -inf 
5.796 inf 
5.808 -inf 
5.82 inf 
5.832 -inf 
5.844 inf 
5.856 -inf 
5.868 -inf 
5.88 -inf 
5.892 -inf 
5.904 inf 
5.916 inf 
5.928 -inf 
5.94 inf 
5.952 -inf 
5.964 -inf 
5.976 inf 
5.988 -inf 
6 -inf 
