1001 2
-6 19.0885 
-5.988 19.2268 
-5.976 19.362 
-5.964 19.4941 
-5.952 19.6232 
-5.94 19.7491 
-5.928 19.8721 
-5.916 19.992 
-5.904 20.109 
-5.892 20.223 
-5.88 20.3341 
-5.868 20.4423 
-5.856 20.5476 
-5.844 20.6501 
-5.832 20.7498 
-5.82 20.8467 
-5.808 20.9408 
-5.796 21.0322 
-5.784 21.1208 
-5.772 21.2068 
-5.76 21.2901 
-5.748 21.3708 
-5.736 21.4489 
-5.724 21.5243 
-5.712 21.5972 
-5.7 21.6676 
-5.688 21.7355 
-5.676 21.8008 
-5.664 21.8637 
-5.652 21.9242 
-5.64 21.9822 
-5.628 22.0379 
-5.616 22.0912 
-5.604 22.1421 
-5.592 22.1907 
-5.58 22.2371 
-5.568 22.2811 
-5.556 22.3229 
-5.544 22.3625 
-5.532 22.3998 
-5.52 22.435 
-5.508 22.468 
-5.496 22.4989 
-5.484 22.5277 
-5.472 22.5543 
-5.46 22.5789 
-5.448 22.6015 
-5.436 22.622 
-5.424 22.6405 
-5.412 22.6571 
-5.4 22.6717 
-5.388 22.6843 
-5.376 22.6951 
-5.364 22.7039 
-5.352 22.7109 
-5.34 22.716 
-5.328 22.7192 
-5.316 22.7207 
-5.304 22.7204 
-5.292 22.7183 
-5.28 22.7144 
-5.268 22.7089 
-5.256 22.7016 
-5.244 22.6926 
-5.232 22.682 
-5.22 22.6697 
-5.208 22.6558 
-5.196 22.6402 
-5.184 22.6231 
-5.172 22.6044 
-5.16 22.5842 
-5.148 22.5624 
-5.136 22.5392 
-5.124 22.5144 
-5.112 22.4881 
-5.1 22.4604 
-5.088 22.4313 
-5.076 22.4008 
-5.064 22.3688 
-5.052 22.3355 
-5.04 22.3008 
-5.028 22.2648 
-5.016 22.2274 
-5.004 22.1888 
-4.992 22.1488 
-4.98 22.1076 
-4.968 22.0651 
-4.956 22.0214 
-4.944 21.9764 
-4.932 21.9303 
-4.92 21.883 
-4.908 21.8345 
-4.896 21.7849 
-4.884 21.7341 
-4.872 21.6822 
-4.86 21.6292 
-4.848 21.5751 
-4.836 21.52 
-4.824 21.4638 
-4.812 21.4066 
-4.8 21.3484 
-4.788 21.2891 
-4.776 21.2289 
-4.764 21.1677 
-4.752 21.1056 
-4.74 21.0425 
-4.728 20.9785 
-4.716 20.9136 
-4.704 20.8477 
-4.692 20.7811 
-4.68 20.7135 
-4.668 20.6451 
-4.656 20.5759 
-4.644 20.5059 
-4.632 20.435 
-4.62 20.3634 
-4.608 20.291 
-4.596 20.2179 
-4.584 20.144 
-4.572 20.0694 
-4.56 19.994 
-4.548 19.918 
-4.536 19.8413 
-4.524 19.7639 
-4.512 19.6858 
-4.5 19.6071 
-4.488 19.5278 
-4.476 19.4478 
-4.464 19.3673 
-4.452 19.2862 
-4.44 19.2044 
-4.428 19.1222 
-4.416 19.0393 
-4.404 18.9559 
-4.392 18.872 
-4.38 18.7876 
-4.368 18.7027 
-4.356 18.6173 
-4.344 18.5315 
-4.332 18.4451 
-4.32 18.3583 
-4.308 18.2711 
-4.296 18.1835 
-4.284 18.0954 
-4.272 18.0069 
-4.26 17.9181 
-4.248 17.8288 
-4.236 17.7392 
-4.224 17.6493 
-4.212 17.559 
-4.2 17.4684 
-4.188 17.3774 
-4.176 17.2861 
-4.164 17.1946 
-4.152 17.1027 
-4.14 17.0106 
-4.128 16.9182 
-4.116 16.8256 
-4.104 16.7327 
-4.092 16.6396 
-4.08 16.5462 
-4.068 16.4527 
-4.056 16.3589 
-4.044 16.265 
-4.032 16.1708 
-4.02 16.0765 
-4.008 15.9821 
-3.996 15.8874 
-3.984 15.7927 
-3.972 15.6978 
-3.96 15.6028 
-3.948 15.5076 
-3.936 15.4124 
-3.924 15.3171 
-3.912 15.2217 
-3.9 15.1262 
-3.888 15.0306 
-3.876 14.935 
-3.864 14.8394 
-3.852 14.7437 
-3.84 14.648 
-3.828 14.5522 
-3.816 14.4565 
-3.804 14.3607 
-3.792 14.2649 
-3.78 14.1692 
-3.768 14.0735 
-3.756 13.9778 
-3.744 13.8821 
-3.732 13.7865 
-3.72 13.6909 
-3.708 13.5954 
-3.696 13.5 
-3.684 13.4046 
-3.672 13.3094 
-3.66 13.2142 
-3.648 13.1191 
-3.636 13.0241 
-3.624 12.9293 
-3.612 12.8345 
-3.6 12.7399 
-3.588 12.6455 
-3.576 12.5512 
-3.564 12.457 
-3.552 12.363 
-3.54 12.2691 
-3.528 12.1754 
-3.516 12.0819 
-3.504 11.9886 
-3.492 11.8955 
-3.48 11.8026 
-3.468 11.7099 
-3.456 11.6173 
-3.444 11.5251 
-3.432 11.433 
-3.42 11.3411 
-3.408 11.2495 
-3.396 11.1582 
-3.384 11.0671 
-3.372 10.9762 
-3.36 10.8856 
-3.348 10.7953 
-3.336 10.7052 
-3.324 10.6154 
-3.312 10.5259 
-3.3 10.4367 
-3.288 10.3477 
-3.276 10.2591 
-3.264 10.1708 
-3.252 10.0827 
-3.24 9.99503 
-3.228 9.90763 
-3.216 9.82056 
-3.204 9.73382 
-3.192 9.64742 
-3.18 9.56134 
-3.168 9.47562 
-3.156 9.39023 
-3.144 9.3052 
-3.132 9.22053 
-3.12 9.13621 
-3.108 9.05226 
-3.096 8.96868 
-3.084 8.88548 
-3.072 8.80265 
-3.06 8.7202 
-3.048 8.63813 
-3.036 8.55646 
-3.024 8.47518 
-3.012 8.3943 
-3 8.31382 
-2.988 8.23374 
-2.976 8.15407 
-2.964 8.07481 
-2.952 7.99597 
-2.94 7.91755 
-2.928 7.83955 
-2.916 7.76197 
-2.904 7.68483 
-2.892 7.60812 
-2.88 7.53184 
-2.868 7.456 
-2.856 7.3806 
-2.844 7.30565 
-2.832 7.23115 
-2.82 7.15709 
-2.808 7.08349 
-2.796 7.01035 
-2.784 6.93766 
-2.772 6.86543 
-2.76 6.79367 
-2.748 6.72238 
-2.736 6.65155 
-2.724 6.5812 
-2.712 6.51132 
-2.7 6.44191 
-2.688 6.37299 
-2.676 6.30454 
-2.664 6.23658 
-2.652 6.1691 
-2.64 6.1021 
-2.628 6.0356 
-2.616 5.96959 
-2.604 5.90407 
-2.592 5.83904 
-2.58 5.77451 
-2.568 5.71048 
-2.556 5.64694 
-2.544 5.58391 
-2.532 5.52138 
-2.52 5.45935 
-2.508 5.39783 
-2.496 5.33682 
-2.484 5.27631 
-2.472 5.21631 
-2.46 5.15683 
-2.448 5.09785 
-2.436 5.03939 
-2.424 4.98145 
-2.412 4.92401 
-2.4 4.8671 
-2.388 4.8107 
-2.376 4.75482 
-2.364 4.69945 
-2.352 4.64461 
-2.34 4.59029 
-2.328 4.53648 
-2.316 4.4832 
-2.304 4.43044 
-2.292 4.37821 
-2.28 4.3265 
-2.268 4.27531 
-2.256 4.22464 
-2.244 4.1745 
-2.232 4.12489 
-2.22 4.0758 
-2.208 4.02723 
-2.196 3.97919 
-2.184 3.93168 
-2.172 3.88469 
-2.16 3.83822 
-2.148 3.79229 
-2.136 3.74688 
-2.124 3.70199 
-2.112 3.65763 
-2.1 3.61379 
-2.088 3.57048 
-2.076 3.5277 
-2.064 3.48544 
-2.052 3.4437 
-2.04 3.40249 
-2.028 3.3618 
-2.016 3.32164 
-2.004 3.28199 
-1.992 3.24287 
-1.98 3.20427 
-1.968 3.16619 
-1.956 3.12863 
-1.944 3.09159 
-1.932 3.05507 
-1.92 3.01907 
-1.908 2.98359 
-1.896 2.94862 
-1.884 2.91416 
-1.872 2.88022 
-1.86 2.8468 
-1.848 2.81388 
-1.836 2.78148 
-1.824 2.74959 
-1.812 2.71821 
-1.8 2.68733 
-1.788 2.65696 
-1.776 2.6271 
-1.764 2.59775 
-1.752 2.56889 
-1.74 2.54054 
-1.728 2.51269 
-1.716 2.48534 
-1.704 2.45848 
-1.692 2.43212 
-1.68 2.40626 
-1.668 2.38089 
-1.656 2.35601 
-1.644 2.33162 
-1.632 2.30772 
-1.62 2.28431 
-1.608 2.26138 
-1.596 2.23893 
-1.584 2.21697 
-1.572 2.19549 
-1.56 2.17448 
-1.548 2.15395 
-1.536 2.1339 
-1.524 2.11432 
-1.512 2.09521 
-1.5 2.07656 
-1.488 2.05839 
-1.476 2.04068 
-1.464 2.02343 
-1.452 2.00664 
-1.44 1.99031 
-1.428 1.97443 
-1.416 1.95901 
-1.404 1.94405 
-1.392 1.92953 
-1.38 1.91546 
-1.368 1.90183 
-1.356 1.88865 
-1.344 1.87591 
-1.332 1.8636 
-1.32 1.85174 
-1.308 1.8403 
-1.296 1.8293 
-1.284 1.81872 
-1.272 1.80857 
-1.26 1.79885 
-1.248 1.78955 
-1.236 1.78066 
-1.224 1.77219 
-1.212 1.76414 
-1.2 1.75649 
-1.188 1.74926 
-1.176 1.74243 
-1.164 1.736 
-1.152 1.72997 
-1.14 1.72435 
-1.128 1.71911 
-1.116 1.71427 
-1.104 1.70982 
-1.092 1.70575 
-1.08 1.70207 
-1.068 1.69876 
-1.056 1.69584 
-1.044 1.69329 
-1.032 1.69112 
-1.02 1.68931 
-1.008 1.68787 
-0.996 1.68679 
-0.984 1.68608 
-0.972 1.68572 
-0.96 1.68571 
-0.948 1.68606 
-0.936 1.68676 
-0.924 1.6878 
-0.912 1.68918 
-0.9 1.69091 
-0.888 1.69297 
-0.876 1.69536 
-0.864 1.69808 
-0.852 1.70113 
-0.84 1.7045 
-0.828 1.7082 
-0.816 1.71221 
-0.804 1.71653 
-0.792 1.72117 
-0.78 1.72612 
-0.768 1.73136 
-0.756 1.73691 
-0.744 1.74276 
-0.732 1.7489 
-0.72 1.75534 
-0.708 1.76206 
-0.696 1.76907 
-0.684 1.77636 
-0.672 1.78392 
-0.66 1.79177 
-0.648 1.79988 
-0.636 1.80826 
-0.624 1.81691 
-0.612 1.82582 
-0.6 1.83498 
-0.588 1.8444 
-0.576 1.85407 
-0.564 1.86399 
-0.552 1.87416 
-0.54 1.88456 
-0.528 1.89521 
-0.516 1.90608 
-0.504 1.91719 
-0.492 1.92852 
-0.48 1.94008 
-0.468 1.95186 
-0.456 1.96386 
-0.444 1.97607 
-0.432 1.98848 
-0.42 2.00111 
-0.408 2.01394 
-0.396 2.02696 
-0.384 2.04019 
-0.372 2.0536 
-0.36 2.06721 
-0.348 2.08099 
-0.336 2.09497 
-0.324 2.10911 
-0.312 2.12344 
-0.3 2.13793 
-0.288 2.1526 
-0.276 2.16742 
-0.264 2.18241 
-0.252 2.19756 
-0.24 2.21285 
-0.228 2.2283 
-0.216 2.2439 
-0.204 2.25964 
-0.192 2.27551 
-0.18 2.29153 
-0.168 2.30767 
-0.156 2.32394 
-0.144 2.34034 
-0.132 2.35687 
-0.12 2.3735 
-0.108 2.39026 
-0.096 2.40712 
-0.084 2.4241 
-0.072 2.44117 
-0.06 2.45835 
-0.048 2.47563 
-0.036 2.49299 
-0.024 2.51045 
-0.012 2.528 
0 2.54562 
0.012 2.56333 
0.024 2.58111 
0.036 2.59897 
0.048 2.6169 
0.06 2.63489 
0.072 2.65294 
0.084 2.67105 
0.096 2.68922 
0.108 2.70744 
0.12 2.7257 
0.132 2.74401 
0.144 2.76237 
0.156 2.78076 
0.168 2.79918 
0.18 2.81764 
0.192 2.83613 
0.204 2.85464 
0.216 2.87317 
0.228 2.89172 
0.24 2.91028 
0.252 2.92885 
0.264 2.94743 
0.276 2.96602 
0.288 2.98461 
0.3 3.00319 
0.312 3.02177 
0.324 3.04034 
0.336 3.0589 
0.348 3.07744 
0.36 3.09597 
0.372 3.11447 
0.384 3.13295 
0.396 3.1514 
0.408 3.16981 
0.42 3.1882 
0.432 3.20654 
0.444 3.22485 
0.456 3.24311 
0.468 3.26132 
0.48 3.27948 
0.492 3.29759 
0.504 3.31565 
0.516 3.33364 
0.528 3.35157 
0.54 3.36944 
0.552 3.38723 
0.564 3.40496 
0.576 3.42261 
0.588 3.44018 
0.6 3.45768 
0.612 3.47509 
0.624 3.49241 
0.636 3.50964 
0.648 3.52679 
0.66 3.54383 
0.672 3.56078 
0.684 3.57763 
0.696 3.59438 
0.708 3.61102 
0.72 3.62755 
0.732 3.64397 
0.744 3.66027 
0.756 3.67646 
0.768 3.69253 
0.78 3.70848 
0.792 3.7243 
0.804 3.73999 
0.816 3.75555 
0.828 3.77099 
0.84 3.78628 
0.852 3.80144 
0.864 3.81646 
0.876 3.83134 
0.888 3.84607 
0.9 3.86065 
0.912 3.87508 
0.924 3.88937 
0.936 3.90349 
0.948 3.91746 
0.96 3.93128 
0.972 3.94493 
0.984 3.95841 
0.996 3.97173 
1.008 3.98489 
1.02 3.99787 
1.032 4.01068 
1.044 4.02332 
1.056 4.03578 
1.068 4.04806 
1.08 4.06016 
1.092 4.07208 
1.104 4.08381 
1.116 4.09536 
1.128 4.10672 
1.14 4.11789 
1.152 4.12887 
1.164 4.13966 
1.176 4.15025 
1.188 4.16064 
1.2 4.17083 
1.212 4.18082 
1.224 4.19062 
1.236 4.2002 
1.248 4.20958 
1.26 4.21876 
1.272 4.22773 
1.284 4.23648 
1.296 4.24503 
1.308 4.25336 
1.32 4.26148 
1.332 4.26938 
1.344 4.27707 
1.356 4.28453 
1.368 4.29178 
1.38 4.29881 
1.392 4.30562 
1.404 4.3122 
1.416 4.31856 
1.428 4.32469 
1.44 4.3306 
1.452 4.33628 
1.464 4.34174 
1.476 4.34696 
1.488 4.35195 
1.5 4.35672 
1.512 4.36125 
1.524 4.36555 
1.536 4.36962 
1.548 4.37345 
1.56 4.37705 
1.572 4.38042 
1.584 4.38355 
1.596 4.38644 
1.608 4.3891 
1.62 4.39152 
1.632 4.3937 
1.644 4.39564 
1.656 4.39735 
1.668 4.39882 
1.68 4.40005 
1.692 4.40104 
1.704 4.40179 
1.716 4.40231 
1.728 4.40258 
1.74 4.40262 
1.752 4.40241 
1.764 4.40197 
1.776 4.40129 
1.788 4.40037 
1.8 4.39921 
1.812 4.39781 
1.824 4.39618 
1.836 4.3943 
1.848 4.39219 
1.86 4.38985 
1.872 4.38726 
1.884 4.38445 
1.896 4.38139 
1.908 4.3781 
1.92 4.37458 
1.932 4.37082 
1.944 4.36683 
1.956 4.36261 
1.968 4.35816 
1.98 4.35348 
1.992 4.34857 
2.004 4.34343 
2.016 4.33806 
2.028 4.33247 
2.04 4.32665 
2.052 4.32061 
2.064 4.31434 
2.076 4.30786 
2.088 4.30116 
2.1 4.29423 
2.112 4.28709 
2.124 4.27974 
2.136 4.27217 
2.148 4.26439 
2.16 4.2564 
2.172 4.2482 
2.184 4.23979 
2.196 4.23117 
2.208 4.22236 
2.22 4.21334 
2.232 4.20412 
2.244 4.19471 
2.256 4.1851 
2.268 4.17529 
2.28 4.1653 
2.292 4.15511 
2.304 4.14474 
2.316 4.13419 
2.328 4.12345 
2.34 4.11254 
2.352 4.10145 
2.364 4.09018 
2.376 4.07874 
2.388 4.06714 
2.4 4.05537 
2.412 4.04343 
2.424 4.03134 
2.436 4.01908 
2.448 4.00668 
2.46 3.99412 
2.472 3.98141 
2.484 3.96856 
2.496 3.95557 
2.508 3.94244 
2.52 3.92917 
2.532 3.91578 
2.544 3.90225 
2.556 3.8886 
2.568 3.87483 
2.58 3.86094 
2.592 3.84694 
2.604 3.83283 
2.616 3.81861 
2.628 3.80429 
2.64 3.78988 
2.652 3.77537 
2.664 3.76077 
2.676 3.74608 
2.688 3.73131 
2.7 3.71647 
2.712 3.70155 
2.724 3.68657 
2.736 3.67152 
2.748 3.65641 
2.76 3.64125 
2.772 3.62603 
2.784 3.61078 
2.796 3.59548 
2.808 3.58015 
2.82 3.56478 
2.832 3.5494 
2.844 3.53399 
2.856 3.51856 
2.868 3.50313 
2.88 3.48769 
2.892 3.47226 
2.904 3.45683 
2.916 3.44141 
2.928 3.42601 
2.94 3.41063 
2.952 3.39528 
2.964 3.37997 
2.976 3.3647 
2.988 3.34947 
3 3.3343 
3.012 3.31918 
3.024 3.30413 
3.036 3.28915 
3.048 3.27425 
3.06 3.25943 
3.072 3.2447 
3.084 3.23007 
3.096 3.21554 
3.108 3.20112 
3.12 3.18682 
3.132 3.17265 
3.144 3.1586 
3.156 3.14469 
3.168 3.13092 
3.18 3.11731 
3.192 3.10386 
3.204 3.09057 
3.216 3.07745 
3.228 3.06452 
3.24 3.05177 
3.252 3.03922 
3.264 3.02687 
3.276 3.01474 
3.288 3.00282 
3.3 2.99113 
3.312 2.97968 
3.324 2.96847 
3.336 2.95751 
3.348 2.94681 
3.36 2.93638 
3.372 2.92622 
3.384 2.91635 
3.396 2.90677 
3.408 2.89749 
3.42 2.88853 
3.432 2.87988 
3.444 2.87156 
3.456 2.86357 
3.468 2.85594 
3.48 2.84866 
3.492 2.84174 
3.504 2.83519 
3.516 2.82903 
3.528 2.82326 
3.54 2.8179 
3.552 2.81294 
3.564 2.8084 
3.576 2.8043 
3.588 2.80064 
3.6 2.79742 
3.612 2.79467 
3.624 2.79239 
3.636 2.79059 
3.648 2.78928 
3.66 2.78847 
3.672 2.78817 
3.684 2.7884 
3.696 2.78916 
3.708 2.79046 
3.72 2.79232 
3.732 2.79475 
3.744 2.79775 
3.756 2.80134 
3.768 2.80552 
3.78 2.81032 
3.792 2.81574 
3.804 2.82179 
3.816 2.82848 
3.828 2.83584 
3.84 2.84385 
3.852 2.85255 
3.864 2.86194 
3.876 2.87203 
3.888 2.88284 
3.9 2.89438 
3.912 2.90665 
3.924 2.91968 
3.936 2.93347 
3.948 2.94804 
3.96 2.9634 
3.972 2.97956 
3.984 2.99653 
3.996 3.01434 
4.008 3.03298 
4.02 3.05248 
4.032 3.07284 
4.044 3.09409 
4.056 3.11623 
4.068 3.13928 
4.08 3.16324 
4.092 3.18815 
4.104 3.214 
4.116 3.24081 
4.128 3.2686 
4.14 3.29738 
4.152 3.32716 
4.164 3.35796 
4.176 3.38979 
4.188 3.42267 
4.2 3.45662 
4.212 3.49164 
4.224 3.52775 
4.236 3.56496 
4.248 3.6033 
4.26 3.64277 
4.272 3.6834 
4.284 3.72519 
4.296 3.76816 
4.308 3.81233 
4.32 3.85771 
4.332 3.90432 
4.344 3.95217 
4.356 4.00128 
4.368 4.05167 
4.38 4.10335 
4.392 4.15634 
4.404 4.21065 
4.416 4.2663 
4.428 4.32331 
4.44 4.38169 
4.452 4.44146 
4.464 4.50264 
4.476 4.56524 
4.488 4.62928 
4.5 4.69479 
4.512 4.76176 
4.524 4.83023 
4.536 4.90021 
4.548 4.97171 
4.56 5.04476 
4.572 5.11937 
4.584 5.19556 
4.596 5.27335 
4.608 5.35276 
4.62 5.4338 
4.632 5.51649 
4.644 5.60085 
4.656 5.68691 
4.668 5.77467 
4.68 5.86415 
4.692 5.95539 
4.704 6.04838 
4.716 6.14317 
4.728 6.23975 
4.74 6.33815 
4.752 6.4384 
4.764 6.5405 
4.776 6.64449 
4.788 6.75038 
4.8 6.85818 
4.812 6.96793 
4.824 7.07963 
4.836 7.19332 
4.848 7.309 
4.86 7.4267 
4.872 7.54645 
4.884 7.66825 
4.896 7.79214 
4.908 7.91813 
4.92 8.04625 
4.932 8.17651 
4.944 8.30893 
4.956 8.44354 
4.968 8.58036 
4.98 8.71941 
4.992 8.86072 
5.004 9.00429 
5.016 9.15016 
5.028 9.29835 
5.04 9.44888 
5.052 9.60177 
5.064 9.75704 
5.076 9.91472 
5.088 10.0748 
5.1 10.2374 
5.112 10.4024 
5.124 10.5699 
5.136 10.74 
5.148 10.9126 
5.16 11.0878 
5.172 11.2655 
5.184 11.4459 
5.196 11.6289 
5.208 11.8145 
5.22 12.0029 
5.232 12.1939 
5.244 12.3877 
5.256 12.5843 
5.268 12.7836 
5.28 12.9857 
5.292 13.1907 
5.304 13.3985 
5.316 13.6092 
5.328 13.8228 
5.34 14.0394 
5.352 14.2588 
5.364 14.4813 
5.376 14.7068 
5.388 14.9353 
5.4 15.1669 
5.412 15.4015 
5.424 15.6393 
5.436 15.8802 
5.448 16.1242 
5.46 16.3715 
5.472 16.6219 
5.484 16.8756 
5.496 17.1326 
5.508 17.3929 
5.52 17.6565 
5.532 17.9234 
5.544 18.1937 
5.556 18.4674 
5.568 18.7446 
5.58 19.0252 
5.592 19.3093 
5.604 19.5969 
5.616 19.888 
5.628 20.1827 
5.64 20.4811 
5.652 20.783 
5.664 21.0886 
5.676 21.3979 
5.688 21.7109 
5.7 22.0276 
5.712 22.3482 
5.724 22.6725 
5.736 23.0006 
5.748 23.3326 
5.76 23.6685 
5.772 24.0083 
5.784 24.3521 
5.796 24.6998 
5.808 25.0516 
5.82 25.4074 
5.832 25.7672 
5.844 26.1312 
5.856 26.4993 
5.868 26.8715 
5.88 27.2479 
5.892 27.6286 
5.904 28.0135 
5.916 28.4027 
5.928 28.7963 
5.94 29.1941 
5.952 29.5964 
5.964 30.0031 
5.976 30.4142 
5.988 30.8298 
6 31.2499 
