1001 2
-6 19.0885 
-5.988 19.1035 
-5.976 19.1178 
-5.964 19.1313 
-5.952 19.1442 
-5.94 19.1563 
-5.928 19.1678 
-5.916 19.1786 
-5.904 19.1888 
-5.892 19.1983 
-5.88 19.2072 
-5.868 19.2154 
-5.856 19.2231 
-5.844 19.2301 
-5.832 19.2366 
-5.82 19.2425 
-5.808 19.2478 
-5.796 19.2525 
-5.784 19.2567 
-5.772 19.2604 
-5.76 19.2635 
-5.748 19.2661 
-5.736 19.2681 
-5.724 19.2697 
-5.712 19.2707 
-5.7 19.2712 
-5.688 19.2713 
-5.676 19.2708 
-5.664 19.2699 
-5.652 19.2685 
-5.64 19.2666 
-5.628 19.2642 
-5.616 19.2614 
-5.604 19.2581 
-5.592 19.2543 
-5.58 19.2501 
-5.568 19.2455 
-5.556 19.2404 
-5.544 19.2348 
-5.532 19.2288 
-5.52 19.2224 
-5.508 19.2155 
-5.496 19.2082 
-5.484 19.2005 
-5.472 19.1924 
-5.46 19.1838 
-5.448 19.1748 
-5.436 19.1653 
-5.424 19.1555 
-5.412 19.1452 
-5.4 19.1345 
-5.388 19.1234 
-5.376 19.1119 
-5.364 19.0999 
-5.352 19.0875 
-5.34 19.0748 
-5.328 19.0616 
-5.316 19.0479 
-5.304 19.0339 
-5.292 19.0195 
-5.28 19.0046 
-5.268 18.9893 
-5.256 18.9736 
-5.244 18.9575 
-5.232 18.941 
-5.22 18.9241 
-5.208 18.9067 
-5.196 18.889 
-5.184 18.8708 
-5.172 18.8522 
-5.16 18.8331 
-5.148 18.8137 
-5.136 18.7938 
-5.124 18.7735 
-5.112 18.7528 
-5.1 18.7317 
-5.088 18.7102 
-5.076 18.6882 
-5.064 18.6658 
-5.052 18.643 
-5.04 18.6197 
-5.028 18.596 
-5.016 18.5719 
-5.004 18.5474 
-4.992 18.5224 
-4.98 18.497 
-4.968 18.4712 
-4.956 18.4449 
-4.944 18.4182 
-4.932 18.3911 
-4.92 18.3635 
-4.908 18.3355 
-4.896 18.307 
-4.884 18.2781 
-4.872 18.2488 
-4.86 18.219 
-4.848 18.1888 
-4.836 18.1582 
-4.824 18.1271 
-4.812 18.0955 
-4.8 18.0636 
-4.788 18.0311 
-4.776 17.9983 
-4.764 17.9649 
-4.752 17.9312 
-4.74 17.897 
-4.728 17.8623 
-4.716 17.8272 
-4.704 17.7916 
-4.692 17.7556 
-4.68 17.7192 
-4.668 17.6823 
-4.656 17.6449 
-4.644 17.6071 
-4.632 17.5688 
-4.62 17.5301 
-4.608 17.491 
-4.596 17.4514 
-4.584 17.4113 
-4.572 17.3708 
-4.56 17.3298 
-4.548 17.2884 
-4.536 17.2466 
-4.524 17.2043 
-4.512 17.1615 
-4.5 17.1183 
-4.488 17.0747 
-4.476 17.0306 
-4.464 16.9861 
-4.452 16.9411 
-4.44 16.8956 
-4.428 16.8498 
-4.416 16.8035 
-4.404 16.7567 
-4.392 16.7095 
-4.38 16.6619 
-4.368 16.6138 
-4.356 16.5653 
-4.344 16.5164 
-4.332 16.467 
-4.32 16.4172 
-4.308 16.367 
-4.296 16.3164 
-4.284 16.2653 
-4.272 16.2138 
-4.26 16.1618 
-4.248 16.1095 
-4.236 16.0567 
-4.224 16.0035 
-4.212 15.9499 
-4.2 15.8959 
-4.188 15.8415 
-4.176 15.7867 
-4.164 15.7314 
-4.152 15.6758 
-4.14 15.6198 
-4.128 15.5633 
-4.116 15.5065 
-4.104 15.4493 
-4.092 15.3917 
-4.08 15.3337 
-4.068 15.2753 
-4.056 15.2166 
-4.044 15.1575 
-4.032 15.098 
-4.02 15.0381 
-4.008 14.9779 
-3.996 14.9173 
-3.984 14.8563 
-3.972 14.795 
-3.96 14.7333 
-3.948 14.6713 
-3.936 14.6089 
-3.924 14.5462 
-3.912 14.4832 
-3.9 14.4198 
-3.888 14.3561 
-3.876 14.2921 
-3.864 14.2278 
-3.852 14.1631 
-3.84 14.0981 
-3.828 14.0328 
-3.816 13.9672 
-3.804 13.9014 
-3.792 13.8352 
-3.78 13.7687 
-3.768 13.7019 
-3.756 13.6349 
-3.744 13.5676 
-3.732 13.5 
-3.72 13.4321 
-3.708 13.364 
-3.696 13.2956 
-3.684 13.227 
-3.672 13.1581 
-3.66 13.089 
-3.648 13.0196 
-3.636 12.9501 
-3.624 12.8802 
-3.612 12.8102 
-3.6 12.7399 
-3.588 12.6695 
-3.576 12.5988 
-3.564 12.5279 
-3.552 12.4569 
-3.54 12.3856 
-3.528 12.3142 
-3.516 12.2425 
-3.504 12.1707 
-3.492 12.0988 
-3.48 12.0266 
-3.468 11.9544 
-3.456 11.8819 
-3.444 11.8093 
-3.432 11.7366 
-3.42 11.6638 
-3.408 11.5908 
-3.396 11.5177 
-3.384 11.4445 
-3.372 11.3711 
-3.36 11.2977 
-3.348 11.2242 
-3.336 11.1506 
-3.324 11.0768 
-3.312 11.0031 
-3.3 10.9292 
-3.288 10.8553 
-3.276 10.7813 
-3.264 10.7072 
-3.252 10.6331 
-3.24 10.559 
-3.228 10.4848 
-3.216 10.4106 
-3.204 10.3363 
-3.192 10.2621 
-3.18 10.1878 
-3.168 10.1135 
-3.156 10.0392 
-3.144 9.96497 
-3.132 9.8907 
-3.12 9.81646 
-3.108 9.74224 
-3.096 9.66804 
-3.084 9.59389 
-3.072 9.51977 
-3.06 9.44571 
-3.048 9.3717 
-3.036 9.29775 
-3.024 9.22386 
-3.012 9.15005 
-3 9.07632 
-2.988 9.00268 
-2.976 8.92913 
-2.964 8.85567 
-2.952 8.78232 
-2.94 8.70908 
-2.928 8.63596 
-2.916 8.56295 
-2.904 8.49008 
-2.892 8.41734 
-2.88 8.34474 
-2.868 8.27229 
-2.856 8.19999 
-2.844 8.12785 
-2.832 8.05587 
-2.82 7.98407 
-2.808 7.91244 
-2.796 7.84099 
-2.784 7.76973 
-2.772 7.69867 
-2.76 7.62781 
-2.748 7.55715 
-2.736 7.4867 
-2.724 7.41647 
-2.712 7.34647 
-2.7 7.27669 
-2.688 7.20715 
-2.676 7.13784 
-2.664 7.06879 
-2.652 6.99998 
-2.64 6.93143 
-2.628 6.86315 
-2.616 6.79513 
-2.604 6.72739 
-2.592 6.65992 
-2.58 6.59274 
-2.568 6.52585 
-2.556 6.45925 
-2.544 6.39295 
-2.532 6.32696 
-2.52 6.26128 
-2.508 6.19591 
-2.496 6.13087 
-2.484 6.06615 
-2.472 6.00176 
-2.46 5.9377 
-2.448 5.87399 
-2.436 5.81062 
-2.424 5.7476 
-2.412 5.68494 
-2.4 5.62264 
-2.388 5.5607 
-2.376 5.49913 
-2.364 5.43793 
-2.352 5.37711 
-2.34 5.31668 
-2.328 5.25663 
-2.316 5.19697 
-2.304 5.13771 
-2.292 5.07884 
-2.28 5.02038 
-2.268 4.96233 
-2.256 4.90469 
-2.244 4.84747 
-2.232 4.79067 
-2.22 4.73429 
-2.208 4.67834 
-2.196 4.62282 
-2.184 4.56774 
-2.172 4.51309 
-2.16 4.45889 
-2.148 4.40513 
-2.136 4.35183 
-2.124 4.29898 
-2.112 4.24658 
-2.1 4.19464 
-2.088 4.14317 
-2.076 4.09216 
-2.064 4.04163 
-2.052 3.99156 
-2.04 3.94197 
-2.028 3.89286 
-2.016 3.84423 
-2.004 3.79608 
-1.992 3.74842 
-1.98 3.70126 
-1.968 3.65458 
-1.956 3.60839 
-1.944 3.56271 
-1.932 3.51752 
-1.92 3.47284 
-1.908 3.42865 
-1.896 3.38498 
-1.884 3.34181 
-1.872 3.29916 
-1.86 3.25701 
-1.848 3.21538 
-1.836 3.17427 
-1.824 3.13367 
-1.812 3.0936 
-1.8 3.05404 
-1.788 3.01501 
-1.776 2.9765 
-1.764 2.93852 
-1.752 2.90106 
-1.74 2.86414 
-1.728 2.82774 
-1.716 2.79187 
-1.704 2.75654 
-1.692 2.72174 
-1.68 2.68747 
-1.668 2.65374 
-1.656 2.62054 
-1.644 2.58788 
-1.632 2.55575 
-1.62 2.52416 
-1.608 2.49311 
-1.596 2.4626 
-1.584 2.43263 
-1.572 2.4032 
-1.56 2.3743 
-1.548 2.34595 
-1.536 2.31813 
-1.524 2.29086 
-1.512 2.26412 
-1.5 2.23792 
-1.488 2.21227 
-1.476 2.18715 
-1.464 2.16257 
-1.452 2.13852 
-1.44 2.11502 
-1.428 2.09205 
-1.416 2.06962 
-1.404 2.04772 
-1.392 2.02636 
-1.38 2.00554 
-1.368 1.98525 
-1.356 1.96549 
-1.344 1.94626 
-1.332 1.92756 
-1.32 1.90939 
-1.308 1.89175 
-1.296 1.87463 
-1.284 1.85804 
-1.272 1.84198 
-1.26 1.82643 
-1.248 1.81141 
-1.236 1.79691 
-1.224 1.78292 
-1.212 1.76945 
-1.2 1.75649 
-1.188 1.74405 
-1.176 1.73211 
-1.164 1.72069 
-1.152 1.70977 
-1.14 1.69935 
-1.128 1.68944 
-1.116 1.68002 
-1.104 1.6711 
-1.092 1.66268 
-1.08 1.65474 
-1.068 1.6473 
-1.056 1.64035 
-1.044 1.63387 
-1.032 1.62788 
-1.02 1.62237 
-1.008 1.61734 
-0.996 1.61278 
-0.984 1.60869 
-0.972 1.60507 
-0.96 1.60191 
-0.948 1.59921 
-0.936 1.59697 
-0.924 1.59519 
-0.912 1.59385 
-0.9 1.59297 
-0.888 1.59253 
-0.876 1.59253 
-0.864 1.59297 
-0.852 1.59385 
-0.84 1.59515 
-0.828 1.59689 
-0.816 1.59904 
-0.804 1.60162 
-0.792 1.60461 
-0.78 1.60802 
-0.768 1.61184 
-0.756 1.61605 
-0.744 1.62067 
-0.732 1.62569 
-0.72 1.6311 
-0.708 1.6369 
-0.696 1.64308 
-0.684 1.64964 
-0.672 1.65658 
-0.66 1.66389 
-0.648 1.67157 
-0.636 1.67961 
-0.624 1.68801 
-0.612 1.69677 
-0.6 1.70587 
-0.588 1.71532 
-0.576 1.72511 
-0.564 1.73524 
-0.552 1.7457 
-0.54 1.75649 
-0.528 1.76759 
-0.516 1.77902 
-0.504 1.79076 
-0.492 1.80281 
-0.48 1.81516 
-0.468 1.82781 
-0.456 1.84075 
-0.444 1.85398 
-0.432 1.8675 
-0.42 1.88129 
-0.408 1.89536 
-0.396 1.9097 
-0.384 1.9243 
-0.372 1.93917 
-0.36 1.95428 
-0.348 1.96965 
-0.336 1.98525 
-0.324 2.0011 
-0.312 2.01718 
-0.3 2.03349 
-0.288 2.05002 
-0.276 2.06677 
-0.264 2.08373 
-0.252 2.1009 
-0.24 2.11827 
-0.228 2.13584 
-0.216 2.1536 
-0.204 2.17155 
-0.192 2.18968 
-0.18 2.20798 
-0.168 2.22646 
-0.156 2.2451 
-0.144 2.26389 
-0.132 2.28285 
-0.12 2.30195 
-0.108 2.3212 
-0.096 2.34058 
-0.084 2.3601 
-0.072 2.37975 
-0.06 2.39951 
-0.048 2.4194 
-0.036 2.4394 
-0.024 2.4595 
-0.012 2.4797 
0 2.5 
0.012 2.52039 
0.024 2.54086 
0.036 2.56141 
0.048 2.58204 
0.06 2.60274 
0.072 2.62349 
0.084 2.64431 
0.096 2.66518 
0.108 2.68609 
0.12 2.70705 
0.132 2.72805 
0.144 2.74907 
0.156 2.77012 
0.168 2.79119 
0.18 2.81228 
0.192 2.83338 
0.204 2.85448 
0.216 2.87559 
0.228 2.89668 
0.24 2.91777 
0.252 2.93884 
0.264 2.95989 
0.276 2.98092 
0.288 3.00191 
0.3 3.02287 
0.312 3.04378 
0.324 3.06465 
0.336 3.08547 
0.348 3.10624 
0.36 3.12694 
0.372 3.14757 
0.384 3.16814 
0.396 3.18863 
0.408 3.20904 
0.42 3.22936 
0.432 3.24959 
0.444 3.26973 
0.456 3.28977 
0.468 3.30971 
0.48 3.32953 
0.492 3.34925 
0.504 3.36884 
0.516 3.38831 
0.528 3.40766 
0.54 3.42687 
0.552 3.44595 
0.564 3.46489 
0.576 3.48368 
0.588 3.50233 
0.6 3.52082 
0.612 3.53915 
0.624 3.55733 
0.636 3.57533 
0.648 3.59317 
0.66 3.61084 
0.672 3.62832 
0.684 3.64563 
0.696 3.66275 
0.708 3.67968 
0.72 3.69641 
0.732 3.71295 
0.744 3.72929 
0.756 3.74543 
0.768 3.76136 
0.78 3.77707 
0.792 3.79258 
0.804 3.80786 
0.816 3.82292 
0.828 3.83776 
0.84 3.85237 
0.852 3.86675 
0.864 3.88089 
0.876 3.8948 
0.888 3.90846 
0.9 3.92188 
0.912 3.93506 
0.924 3.94798 
0.936 3.96066 
0.948 3.97308 
0.96 3.98524 
0.972 3.99714 
0.984 4.00878 
0.996 4.02015 
1.008 4.03126 
1.02 4.04209 
1.032 4.05266 
1.044 4.06295 
1.056 4.07296 
1.068 4.08269 
1.08 4.09214 
1.092 4.10131 
1.104 4.1102 
1.116 4.1188 
1.128 4.12711 
1.14 4.13513 
1.152 4.14286 
1.164 4.1503 
1.176 4.15744 
1.188 4.16428 
1.2 4.17083 
1.212 4.17708 
1.224 4.18303 
1.236 4.18868 
1.248 4.19403 
1.26 4.19907 
1.272 4.20381 
1.284 4.20825 
1.296 4.21238 
1.308 4.2162 
1.32 4.21972 
1.332 4.22293 
1.344 4.22583 
1.356 4.22843 
1.368 4.23071 
1.38 4.23269 
1.392 4.23436 
1.404 4.23572 
1.416 4.23677 
1.428 4.23751 
1.44 4.23795 
1.452 4.23807 
1.464 4.23789 
1.476 4.2374 
1.488 4.2366 
1.5 4.23549 
1.512 4.23408 
1.524 4.23237 
1.536 4.23035 
1.548 4.22802 
1.56 4.22539 
1.572 4.22246 
1.584 4.21923 
1.596 4.2157 
1.608 4.21188 
1.62 4.20775 
1.632 4.20333 
1.644 4.19862 
1.656 4.19361 
1.668 4.18831 
1.68 4.18272 
1.692 4.17685 
1.704 4.17069 
1.716 4.16425 
1.728 4.15752 
1.74 4.15052 
1.752 4.14324 
1.764 4.13568 
1.776 4.12785 
1.788 4.11976 
1.8 4.11139 
1.812 4.10276 
1.824 4.09387 
1.836 4.08472 
1.848 4.07531 
1.86 4.06564 
1.872 4.05573 
1.884 4.04557 
1.896 4.03517 
1.908 4.02452 
1.92 4.01364 
1.932 4.00252 
1.944 3.99117 
1.956 3.97959 
1.968 3.96779 
1.98 3.95577 
1.992 3.94354 
2.004 3.93109 
2.016 3.91843 
2.028 3.90557 
2.04 3.8925 
2.052 3.87924 
2.064 3.86579 
2.076 3.85215 
2.088 3.83833 
2.1 3.82433 
2.112 3.81015 
2.124 3.79581 
2.136 3.7813 
2.148 3.76662 
2.16 3.7518 
2.172 3.73682 
2.184 3.7217 
2.196 3.70643 
2.208 3.69103 
2.22 3.6755 
2.232 3.65985 
2.244 3.64407 
2.256 3.62818 
2.268 3.61219 
2.28 3.59608 
2.292 3.57989 
2.304 3.56359 
2.316 3.54722 
2.328 3.53076 
2.34 3.51422 
2.352 3.49762 
2.364 3.48095 
2.376 3.46423 
2.388 3.44746 
2.4 3.43064 
2.412 3.41378 
2.424 3.3969 
2.436 3.37998 
2.448 3.36305 
2.46 3.3461 
2.472 3.32915 
2.484 3.3122 
2.496 3.29525 
2.508 3.27832 
2.52 3.26141 
2.532 3.24453 
2.544 3.22768 
2.556 3.21087 
2.568 3.19411 
2.58 3.1774 
2.592 3.16076 
2.604 3.14419 
2.616 3.12769 
2.628 3.11128 
2.64 3.09496 
2.652 3.07873 
2.664 3.06262 
2.676 3.04661 
2.688 3.03073 
2.7 3.01498 
2.712 2.99936 
2.724 2.98388 
2.736 2.96856 
2.748 2.95339 
2.76 2.9384 
2.772 2.92357 
2.784 2.90893 
2.796 2.89448 
2.808 2.88023 
2.82 2.86618 
2.832 2.85235 
2.844 2.83874 
2.856 2.82536 
2.868 2.81221 
2.88 2.79932 
2.892 2.78668 
2.904 2.7743 
2.916 2.76219 
2.928 2.75036 
2.94 2.73882 
2.952 2.72758 
2.964 2.71664 
2.976 2.70601 
2.988 2.6957 
3 2.68573 
3.012 2.67609 
3.024 2.66679 
3.036 2.65785 
3.048 2.64928 
3.06 2.64108 
3.072 2.63325 
3.084 2.62582 
3.096 2.61878 
3.108 2.61215 
3.12 2.60594 
3.132 2.60014 
3.144 2.59478 
3.156 2.58987 
3.168 2.5854 
3.18 2.58138 
3.192 2.57784 
3.204 2.57477 
3.216 2.57218 
3.228 2.57009 
3.24 2.5685 
3.252 2.56742 
3.264 2.56686 
3.276 2.56683 
3.288 2.56733 
3.3 2.56838 
3.312 2.56999 
3.324 2.57215 
3.336 2.57489 
3.348 2.57821 
3.36 2.58212 
3.372 2.58662 
3.384 2.59173 
3.396 2.59746 
3.408 2.60381 
3.42 2.6108 
3.432 2.61843 
3.444 2.6267 
3.456 2.63564 
3.468 2.64524 
3.48 2.65552 
3.492 2.66649 
3.504 2.67815 
3.516 2.69051 
3.528 2.70358 
3.54 2.71737 
3.552 2.73189 
3.564 2.74715 
3.576 2.76315 
3.588 2.77991 
3.6 2.79742 
3.612 2.81571 
3.624 2.83478 
3.636 2.85464 
3.648 2.87529 
3.66 2.89675 
3.672 2.91902 
3.684 2.94211 
3.696 2.96603 
3.708 2.99079 
3.72 3.01639 
3.732 3.04285 
3.744 3.07018 
3.756 3.09837 
3.768 3.12744 
3.78 3.1574 
3.792 3.18826 
3.804 3.22002 
3.816 3.25269 
3.828 3.28628 
3.84 3.32079 
3.852 3.35625 
3.864 3.39264 
3.876 3.42999 
3.888 3.4683 
3.9 3.50757 
3.912 3.54782 
3.924 3.58905 
3.936 3.63127 
3.948 3.67449 
3.96 3.71871 
3.972 3.76395 
3.984 3.8102 
3.996 3.85749 
4.008 3.90581 
4.02 3.95517 
4.032 4.00558 
4.044 4.05705 
4.056 4.10959 
4.068 4.16319 
4.08 4.21788 
4.092 4.27365 
4.104 4.33052 
4.116 4.38848 
4.128 4.44756 
4.14 4.50774 
4.152 4.56905 
4.164 4.63149 
4.176 4.69506 
4.188 4.75978 
4.2 4.82564 
4.212 4.89266 
4.224 4.96084 
4.236 5.03019 
4.248 5.10072 
4.26 5.17242 
4.272 5.24532 
4.284 5.31941 
4.296 5.3947 
4.308 5.4712 
4.32 5.54892 
4.332 5.62785 
4.344 5.70801 
4.356 5.78941 
4.368 5.87204 
4.38 5.95592 
4.392 6.04105 
4.404 6.12743 
4.416 6.21508 
4.428 6.304 
4.44 6.3942 
4.452 6.48568 
4.464 6.57844 
4.476 6.67249 
4.488 6.76785 
4.5 6.86451 
4.512 6.96248 
4.524 7.06176 
4.536 7.16237 
4.548 7.2643 
4.56 7.36757 
4.572 7.47217 
4.584 7.57812 
4.596 7.68542 
4.608 7.79407 
4.62 7.90409 
4.632 8.01546 
4.644 8.12821 
4.656 8.24234 
4.668 8.35785 
4.68 8.47475 
4.692 8.59303 
4.704 8.71272 
4.716 8.83381 
4.728 8.95631 
4.74 9.08022 
4.752 9.20555 
4.764 9.33231 
4.776 9.46049 
4.788 9.59011 
4.8 9.72117 
4.812 9.85368 
4.824 9.98763 
4.836 10.123 
4.848 10.2599 
4.86 10.3983 
4.872 10.5381 
4.884 10.6794 
4.896 10.8221 
4.908 10.9664 
4.92 11.1121 
4.932 11.2594 
4.944 11.4081 
4.956 11.5584 
4.968 11.7102 
4.98 11.8635 
4.992 12.0183 
5.004 12.1747 
5.016 12.3325 
5.028 12.492 
5.04 12.653 
5.052 12.8155 
5.064 12.9796 
5.076 13.1452 
5.088 13.3125 
5.1 13.4813 
5.112 13.6517 
5.124 13.8236 
5.136 13.9972 
5.148 14.1724 
5.16 14.3492 
5.172 14.5276 
5.184 14.7076 
5.196 14.8892 
5.208 15.0725 
5.22 15.2574 
5.232 15.444 
5.244 15.6322 
5.256 15.8221 
5.268 16.0136 
5.28 16.2068 
5.292 16.4017 
5.304 16.5983 
5.316 16.7966 
5.328 16.9966 
5.34 17.1983 
5.352 17.4018 
5.364 17.6069 
5.376 17.8138 
5.388 18.0225 
5.4 18.2329 
5.412 18.445 
5.424 18.659 
5.436 18.8747 
5.448 19.0922 
5.46 19.3115 
5.472 19.5327 
5.484 19.7556 
5.496 19.9804 
5.508 20.207 
5.52 20.4355 
5.532 20.6658 
5.544 20.898 
5.556 21.1321 
5.568 21.3681 
5.58 21.606 
5.592 21.8459 
5.604 22.0876 
5.616 22.3313 
5.628 22.577 
5.64 22.8246 
5.652 23.0742 
5.664 23.3259 
5.676 23.5795 
5.688 23.8352 
5.7 24.0929 
5.712 24.3526 
5.724 24.6145 
5.736 24.8784 
5.748 25.1444 
5.76 25.4126 
5.772 25.6829 
5.784 25.9553 
5.796 26.2299 
5.808 26.5067 
5.82 26.7857 
5.832 27.067 
5.844 27.3505 
5.856 27.6362 
5.868 27.9243 
5.88 28.2146 
5.892 28.5073 
5.904 28.8023 
5.916 29.0997 
5.928 29.3995 
5.94 29.7017 
5.952 30.0064 
5.964 30.3135 
5.976 30.6231 
5.988 30.9352 
6 31.2499 
