101 2
-6 19.0885 
-5.88 19.2072 
-5.76 19.2635 
-5.64 19.2666 
-5.52 19.2224 
-5.4 19.1345 
-5.28 19.0046 
-5.16 18.8331 
-5.04 18.6197 
-4.92 18.3635 
-4.8 18.0636 
-4.68 17.7192 
-4.56 17.3298 
-4.44 16.8956 
-4.32 16.4172 
-4.2 15.8959 
-4.08 15.3337 
-3.96 14.7333 
-3.84 14.0981 
-3.72 13.4321 
-3.6 12.7399 
-3.48 12.0266 
-3.36 11.2977 
-3.24 10.559 
-3.12 9.81646 
-3 9.07632 
-2.88 8.34474 
-2.76 7.62781 
-2.64 6.93143 
-2.52 6.26128 
-2.4 5.62264 
-2.28 5.02038 
-2.16 4.45889 
-2.04 3.94197 
-1.92 3.47284 
-1.8 3.05404 
-1.68 2.68747 
-1.56 2.3743 
-1.44 2.11502 
-1.32 1.90939 
-1.2 1.75649 
-1.08 1.65474 
-0.96 1.60191 
-0.84 1.59515 
-0.72 1.6311 
-0.6 1.70587 
-0.48 1.81516 
-0.36 1.95428 
-0.24 2.11827 
-0.12 2.30195 
0 2.5 
0.12 2.70705 
0.24 2.91777 
0.36 3.12694 
0.48 3.32953 
0.6 3.52082 
0.72 3.69641 
0.84 3.85237 
0.96 3.98524 
1.08 4.09214 
1.2 4.17083 
1.32 4.21972 
1.44 4.23795 
1.56 4.22539 
1.68 4.18272 
1.8 4.11139 
1.92 4.01364 
2.04 3.8925 
2.16 3.7518 
2.28 3.59608 
2.4 3.43064 
2.52 3.26141 
2.64 3.09496 
2.76 2.9384 
2.88 2.79932 
3 2.68573 
3.12 2.60594 
3.24 2.5685 
3.36 2.58212 
3.48 2.65552 
3.6 2.79742 
3.72 3.01639 
3.84 3.32079 
3.96 3.71871 
4.08 4.21788 
4.2 4.82564 
4.32 5.54892 
4.44 6.3942 
4.56 7.36757 
4.68 8.47475 
4.8 9.72117 
4.92 11.1121 
5.04 12.653 
5.16 14.3492 
5.28 16.2068 
5.4 18.2329 
5.52 20.4355 
5.64 22.8246 
5.76 25.4126 
5.88 28.2146 
6 31.2499 
