1000 2
-6 21.0934 
-5.98799 20.8782 
-5.97598 20.6737 
-5.96396 20.4796 
-5.95195 20.2956 
-5.93994 20.1214 
-5.92793 19.9566 
-5.91592 19.801 
-5.9039 19.6542 
-5.89189 19.516 
-5.87988 19.3861 
-5.86787 19.2641 
-5.85586 19.1499 
-5.84384 19.0431 
-5.83183 18.9435 
-5.81982 18.8508 
-5.80781 18.7648 
-5.7958 18.6853 
-5.78378 18.6119 
-5.77177 18.5445 
-5.75976 18.4828 
-5.74775 18.4266 
-5.73574 18.3757 
-5.72372 18.3299 
-5.71171 18.2889 
-5.6997 18.2526 
-5.68769 18.2208 
-5.67568 18.1932 
-5.66366 18.1697 
-5.65165 18.1501 
-5.63964 18.1342 
-5.62763 18.1218 
-5.61562 18.1128 
-5.6036 18.107 
-5.59159 18.1042 
-5.57958 18.1042 
-5.56757 18.107 
-5.55556 18.1123 
-5.54354 18.1201 
-5.53153 18.1301 
-5.51952 18.1422 
-5.50751 18.1564 
-5.4955 18.1723 
-5.48348 18.1901 
-5.47147 18.2094 
-5.45946 18.2301 
-5.44745 18.2523 
-5.43544 18.2757 
-5.42342 18.3002 
-5.41141 18.3257 
-5.3994 18.3521 
-5.38739 18.3793 
-5.37538 18.4073 
-5.36336 18.4358 
-5.35135 18.4648 
-5.33934 18.4943 
-5.32733 18.5241 
-5.31532 18.5541 
-5.3033 18.5843 
-5.29129 18.6146 
-5.27928 18.6448 
-5.26727 18.675 
-5.25526 18.705 
-5.24324 18.7348 
-5.23123 18.7643 
-5.21922 18.7934 
-5.20721 18.8221 
-5.1952 18.8502 
-5.18318 18.8779 
-5.17117 18.9049 
-5.15916 18.9313 
-5.14715 18.9569 
-5.13514 18.9817 
-5.12312 19.0057 
-5.11111 19.0289 
-5.0991 19.0511 
-5.08709 19.0723 
-5.07508 19.0926 
-5.06306 19.1118 
-5.05105 19.1299 
-5.03904 19.1468 
-5.02703 19.1626 
-5.01502 19.1772 
-5.003 19.1905 
-4.99099 19.2026 
-4.97898 19.2134 
-4.96697 19.2229 
-4.95495 19.231 
-4.94294 19.2377 
-4.93093 19.243 
-4.91892 19.2469 
-4.90691 19.2493 
-4.89489 19.2503 
-4.88288 19.2498 
-4.87087 19.2478 
-4.85886 19.2442 
-4.84685 19.2392 
-4.83483 19.2325 
-4.82282 19.2243 
-4.81081 19.2145 
-4.7988 19.2031 
-4.78679 19.1902 
-4.77477 19.1756 
-4.76276 19.1593 
-4.75075 19.1415 
-4.73874 19.122 
-4.72673 19.1009 
-4.71471 19.0782 
-4.7027 19.0538 
-4.69069 19.0277 
-4.67868 19 
-4.66667 18.9707 
-4.65465 18.9397 
-4.64264 18.907 
-4.63063 18.8727 
-4.61862 18.8368 
-4.60661 18.7992 
-4.59459 18.7599 
-4.58258 18.7191 
-4.57057 18.6765 
-4.55856 18.6324 
-4.54655 18.5866 
-4.53453 18.5392 
-4.52252 18.4902 
-4.51051 18.4396 
-4.4985 18.3875 
-4.48649 18.3337 
-4.47447 18.2783 
-4.46246 18.2214 
-4.45045 18.1629 
-4.43844 18.1029 
-4.42643 18.0413 
-4.41441 17.9782 
-4.4024 17.9136 
-4.39039 17.8475 
-4.37838 17.7799 
-4.36637 17.7109 
-4.35435 17.6403 
-4.34234 17.5684 
-4.33033 17.495 
-4.31832 17.4201 
-4.30631 17.3439 
-4.29429 17.2663 
-4.28228 17.1873 
-4.27027 17.107 
-4.25826 17.0253 
-4.24625 16.9423 
-4.23423 16.8579 
-4.22222 16.7723 
-4.21021 16.6854 
-4.1982 16.5973 
-4.18619 16.5079 
-4.17417 16.4173 
-4.16216 16.3254 
-4.15015 16.2324 
-4.13814 16.1382 
-4.12613 16.0429 
-4.11411 15.9464 
-4.1021 15.8488 
-4.09009 15.7502 
-4.07808 15.6504 
-4.06607 15.5496 
-4.05405 15.4477 
-4.04204 15.3448 
-4.03003 15.2409 
-4.01802 15.1361 
-4.00601 15.0302 
-3.99399 14.9235 
-3.98198 14.8158 
-3.96997 14.7072 
-3.95796 14.5977 
-3.94595 14.4873 
-3.93393 14.3761 
-3.92192 14.2641 
-3.90991 14.1513 
-3.8979 14.0376 
-3.88589 13.9232 
-3.87387 13.8081 
-3.86186 13.6922 
-3.84985 13.5757 
-3.83784 13.4584 
-3.82583 13.3405 
-3.81381 13.2219 
-3.8018 13.1027 
-3.78979 12.9828 
-3.77778 12.8624 
-3.76577 12.7415 
-3.75375 12.6199 
-3.74174 12.4979 
-3.72973 12.3753 
-3.71772 12.2522 
-3.70571 12.1287 
-3.69369 12.0047 
-3.68168 11.8803 
-3.66967 11.7554 
-3.65766 11.6302 
-3.64565 11.5046 
-3.63363 11.3786 
-3.62162 11.2523 
-3.60961 11.1257 
-3.5976 10.9987 
-3.58559 10.8715 
-3.57357 10.744 
-3.56156 10.6163 
-3.54955 10.4883 
-3.53754 10.3602 
-3.52553 10.2318 
-3.51351 10.1033 
-3.5015 9.97462 
-3.48949 9.84579 
-3.47748 9.71685 
-3.46547 9.58781 
-3.45345 9.45868 
-3.44144 9.32948 
-3.42943 9.20024 
-3.41742 9.07095 
-3.40541 8.94166 
-3.39339 8.81236 
-3.38138 8.68308 
-3.36937 8.55383 
-3.35736 8.42464 
-3.34535 8.2955 
-3.33333 8.16646 
-3.32132 8.03751 
-3.30931 7.90867 
-3.2973 7.77996 
-3.28529 7.6514 
-3.27327 7.523 
-3.26126 7.39477 
-3.24925 7.26674 
-3.23724 7.13891 
-3.22523 7.01131 
-3.21321 6.88394 
-3.2012 6.75681 
-3.18919 6.62996 
-3.17718 6.50338 
-3.16517 6.37709 
-3.15315 6.25111 
-3.14114 6.12546 
-3.12913 6.00013 
-3.11712 5.87515 
-3.10511 5.75054 
-3.09309 5.62629 
-3.08108 5.50244 
-3.06907 5.37898 
-3.05706 5.25593 
-3.04505 5.13331 
-3.03303 5.01113 
-3.02102 4.8894 
-3.00901 4.76812 
-2.997 4.64732 
-2.98498 4.527 
-2.97297 4.40718 
-2.96096 4.28787 
-2.94895 4.16908 
-2.93694 4.05081 
-2.92492 3.93308 
-2.91291 3.81591 
-2.9009 3.6993 
-2.88889 3.58326 
-2.87688 3.4678 
-2.86486 3.35293 
-2.85285 3.23866 
-2.84084 3.12501 
-2.82883 3.01198 
-2.81682 2.89957 
-2.8048 2.78781 
-2.79279 2.6767 
-2.78078 2.56624 
-2.76877 2.45645 
-2.75676 2.34733 
-2.74474 2.2389 
-2.73273 2.13116 
-2.72072 2.02411 
-2.70871 1.91778 
-2.6967 1.81216 
-2.68468 1.70726 
-2.67267 1.60309 
-2.66066 1.49966 
-2.64865 1.39698 
-2.63664 1.29504 
-2.62462 1.19387 
-2.61261 1.09345 
-2.6006 0.993814 
-2.58859 0.89495 
-2.57658 0.79687 
-2.56456 0.69958 
-2.55255 0.603084 
-2.54054 0.50739 
-2.52853 0.412502 
-2.51652 0.318427 
-2.5045 0.225168 
-2.49249 0.132731 
-2.48048 0.0411214 
-2.46847 -0.0496564 
-2.45646 -0.139598 
-2.44444 -0.228699 
-2.43243 -0.316954 
-2.42042 -0.404361 
-2.40841 -0.490914 
-2.3964 -0.57661 
-2.38438 -0.661445 
-2.37237 -0.745416 
-2.36036 -0.828519 
-2.34835 -0.910751 
-2.33634 -0.992109 
-2.32432 -1.07259 
-2.31231 -1.15219 
-2.3003 -1.23091 
-2.28829 -1.30874 
-2.27628 -1.38569 
-2.26426 -1.46174 
-2.25225 -1.53691 
-2.24024 -1.61118 
-2.22823 -1.68455 
-2.21622 -1.75703 
-2.2042 -1.8286 
-2.19219 -1.89928 
-2.18018 -1.96905 
-2.16817 -2.03793 
-2.15616 -2.10589 
-2.14414 -2.17296 
-2.13213 -2.23911 
-2.12012 -2.30436 
-2.10811 -2.3687 
-2.0961 -2.43214 
-2.08408 -2.49467 
-2.07207 -2.55629 
-2.06006 -2.617 
-2.04805 -2.6768 
-2.03604 -2.7357 
-2.02402 -2.79369 
-2.01201 -2.85077 
-2 -2.90695 
-1.98799 -2.96222 
-1.97598 -3.01658 
-1.96396 -3.07004 
-1.95195 -3.1226 
-1.93994 -3.17426 
-1.92793 -3.22502 
-1.91592 -3.27487 
-1.9039 -3.32383 
-1.89189 -3.3719 
-1.87988 -3.41907 
-1.86787 -3.46535 
-1.85586 -3.51074 
-1.84384 -3.55524 
-1.83183 -3.59885 
-1.81982 -3.64158 
-1.80781 -3.68343 
-1.7958 -3.7244 
-1.78378 -3.76449 
-1.77177 -3.80371 
-1.75976 -3.84205 
-1.74775 -3.87953 
-1.73574 -3.91615 
-1.72372 -3.9519 
-1.71171 -3.98679 
-1.6997 -4.02083 
-1.68769 -4.05401 
-1.67568 -4.08634 
-1.66366 -4.11783 
-1.65165 -4.14848 
-1.63964 -4.17829 
-1.62763 -4.20726 
-1.61562 -4.23541 
-1.6036 -4.26272 
-1.59159 -4.28922 
-1.57958 -4.31489 
-1.56757 -4.33975 
-1.55556 -4.3638 
-1.54354 -4.38705 
-1.53153 -4.40949 
-1.51952 -4.43114 
-1.50751 -4.45199 
-1.4955 -4.47206 
-1.48348 -4.49134 
-1.47147 -4.50985 
-1.45946 -4.52758 
-1.44745 -4.54455 
-1.43544 -4.56075 
-1.42342 -4.57619 
-1.41141 -4.59089 
-1.3994 -4.60483 
-1.38739 -4.61803 
-1.37538 -4.63049 
-1.36336 -4.64223 
-1.35135 -4.65323 
-1.33934 -4.66352 
-1.32733 -4.67309 
-1.31532 -4.68195 
-1.3033 -4.69011 
-1.29129 -4.69757 
-1.27928 -4.70434 
-1.26727 -4.71043 
-1.25526 -4.71583 
-1.24324 -4.72056 
-1.23123 -4.72462 
-1.21922 -4.72802 
-1.20721 -4.73076 
-1.1952 -4.73286 
-1.18318 -4.73431 
-1.17117 -4.73512 
-1.15916 -4.73531 
-1.14715 -4.73487 
-1.13514 -4.73381 
-1.12312 -4.73214 
-1.11111 -4.72986 
-1.0991 -4.72699 
-1.08709 -4.72353 
-1.07508 -4.71948 
-1.06306 -4.71485 
-1.05105 -4.70965 
-1.03904 -4.70388 
-1.02703 -4.69756 
-1.01502 -4.69068 
-1.003 -4.68326 
-0.990991 -4.67531 
-0.978979 -4.66682 
-0.966967 -4.65781 
-0.954955 -4.64828 
-0.942943 -4.63824 
-0.930931 -4.62769 
-0.918919 -4.61666 
-0.906907 -4.60513 
-0.894895 -4.59312 
-0.882883 -4.58063 
-0.870871 -4.56768 
-0.858859 -4.55426 
-0.846847 -4.5404 
-0.834835 -4.52608 
-0.822823 -4.51133 
-0.810811 -4.49614 
-0.798799 -4.48053 
-0.786787 -4.4645 
-0.774775 -4.44806 
-0.762763 -4.43122 
-0.750751 -4.41398 
-0.738739 -4.39635 
-0.726727 -4.37834 
-0.714715 -4.35995 
-0.702703 -4.3412 
-0.690691 -4.32208 
-0.678679 -4.30262 
-0.666667 -4.2828 
-0.654655 -4.26265 
-0.642643 -4.24217 
-0.630631 -4.22137 
-0.618619 -4.20024 
-0.606607 -4.17881 
-0.594595 -4.15708 
-0.582583 -4.13505 
-0.570571 -4.11273 
-0.558559 -4.09013 
-0.546547 -4.06726 
-0.534535 -4.04412 
-0.522523 -4.02072 
-0.510511 -3.99707 
-0.498498 -3.97318 
-0.486486 -3.94905 
-0.474474 -3.92469 
-0.462462 -3.9001 
-0.45045 -3.8753 
-0.438438 -3.85029 
-0.426426 -3.82507 
-0.414414 -3.79966 
-0.402402 -3.77407 
-0.39039 -3.74829 
-0.378378 -3.72234 
-0.366366 -3.69622 
-0.354354 -3.66994 
-0.342342 -3.64351 
-0.33033 -3.61693 
-0.318318 -3.59021 
-0.306306 -3.56335 
-0.294294 -3.53638 
-0.282282 -3.50928 
-0.27027 -3.48207 
-0.258258 -3.45475 
-0.246246 -3.42733 
-0.234234 -3.39983 
-0.222222 -3.37223 
-0.21021 -3.34456 
-0.198198 -3.31681 
-0.186186 -3.289 
-0.174174 -3.26112 
-0.162162 -3.2332 
-0.15015 -3.20522 
-0.138138 -3.17721 
-0.126126 -3.14916 
-0.114114 -3.12108 
-0.102102 -3.09298 
-0.0900901 -3.06487 
-0.0780781 -3.03674 
-0.0660661 -3.00861 
-0.0540541 -2.98049 
-0.042042 -2.95237 
-0.03003 -2.92426 
-0.018018 -2.89618 
-0.00600601 -2.86812 
0.00600601 -2.84009 
0.018018 -2.81211 
0.03003 -2.78416 
0.042042 -2.75626 
0.0540541 -2.72842 
0.0660661 -2.70064 
0.0780781 -2.67292 
0.0900901 -2.64528 
0.102102 -2.61771 
0.114114 -2.59022 
0.126126 -2.56282 
0.138138 -2.53551 
0.15015 -2.5083 
0.162162 -2.4812 
0.174174 -2.45419 
0.186186 -2.42731 
0.198198 -2.40054 
0.21021 -2.37389 
0.222222 -2.34736 
0.234234 -2.32097 
0.246246 -2.29472 
0.258258 -2.26861 
0.27027 -2.24264 
0.282282 -2.21682 
0.294294 -2.19116 
0.306306 -2.16566 
0.318318 -2.14032 
0.33033 -2.11514 
0.342342 -2.09014 
0.354354 -2.06531 
0.366366 -2.04066 
0.378378 -2.0162 
0.39039 -1.99192 
0.402402 -1.96784 
0.414414 -1.94395 
0.426426 -1.92026 
0.438438 -1.89677 
0.45045 -1.87348 
0.462462 -1.85041 
0.474474 -1.82754 
0.486486 -1.80489 
0.498498 -1.78247 
0.510511 -1.76026 
0.522523 -1.73828 
0.534535 -1.71652 
0.546547 -1.695 
0.558559 -1.67371 
0.570571 -1.65266 
0.582583 -1.63185 
0.594595 -1.61128 
0.606607 -1.59095 
0.618619 -1.57087 
0.630631 -1.55104 
0.642643 -1.53146 
0.654655 -1.51214 
0.666667 -1.49307 
0.678679 -1.47426 
0.690691 -1.45571 
0.702703 -1.43742 
0.714715 -1.41939 
0.726727 -1.40163 
0.738739 -1.38414 
0.750751 -1.36691 
0.762763 -1.34996 
0.774775 -1.33328 
0.786787 -1.31687 
0.798799 -1.30073 
0.810811 -1.28487 
0.822823 -1.26929 
0.834835 -1.25398 
0.846847 -1.23895 
0.858859 -1.2242 
0.870871 -1.20973 
0.882883 -1.19554 
0.894895 -1.18163 
0.906907 -1.16801 
0.918919 -1.15466 
0.930931 -1.1416 
0.942943 -1.12882 
0.954955 -1.11632 
0.966967 -1.10411 
0.978979 -1.09218 
0.990991 -1.08053 
1.003 -1.06916 
1.01502 -1.05807 
1.02703 -1.04727 
1.03904 -1.03675 
1.05105 -1.02651 
1.06306 -1.01655 
1.07508 -1.00687 
1.08709 -0.997467 
1.0991 -0.988342 
1.11111 -0.979495 
1.12312 -0.970924 
1.13514 -0.962627 
1.14715 -0.954604 
1.15916 -0.946853 
1.17117 -0.939374 
1.18318 -0.932163 
1.1952 -0.925221 
1.20721 -0.918545 
1.21922 -0.912134 
1.23123 -0.905985 
1.24324 -0.900097 
1.25526 -0.894468 
1.26727 -0.889097 
1.27928 -0.883979 
1.29129 -0.879115 
1.3033 -0.874501 
1.31532 -0.870135 
1.32733 -0.866014 
1.33934 -0.862136 
1.35135 -0.858498 
1.36336 -0.855098 
1.37538 -0.851933 
1.38739 -0.849 
1.3994 -0.846296 
1.41141 -0.843818 
1.42342 -0.841562 
1.43544 -0.839527 
1.44745 -0.837708 
1.45946 -0.836102 
1.47147 -0.834706 
1.48348 -0.833516 
1.4955 -0.832528 
1.50751 -0.83174 
1.51952 -0.831146 
1.53153 -0.830745 
1.54354 -0.830531 
1.55556 -0.8305 
1.56757 -0.830649 
1.57958 -0.830974 
1.59159 -0.83147 
1.6036 -0.832133 
1.61562 -0.832959 
1.62763 -0.833943 
1.63964 -0.835081 
1.65165 -0.836369 
1.66366 -0.837801 
1.67568 -0.839374 
1.68769 -0.841081 
1.6997 -0.84292 
1.71171 -0.844884 
1.72372 -0.846969 
1.73574 -0.84917 
1.74775 -0.851481 
1.75976 -0.853898 
1.77177 -0.856415 
1.78378 -0.859028 
1.7958 -0.86173 
1.80781 -0.864516 
1.81982 -0.867382 
1.83183 -0.870321 
1.84384 -0.873327 
1.85586 -0.876396 
1.86787 -0.879522 
1.87988 -0.882698 
1.89189 -0.885919 
1.9039 -0.88918 
1.91592 -0.892474 
1.92793 -0.895795 
1.93994 -0.899137 
1.95195 -0.902494 
1.96396 -0.905861 
1.97598 -0.90923 
1.98799 -0.912597 
2 -0.915953 
2.01201 -0.919294 
2.02402 -0.922613 
2.03604 -0.925903 
2.04805 -0.929158 
2.06006 -0.932371 
2.07207 -0.935537 
2.08408 -0.938648 
2.0961 -0.941697 
2.10811 -0.944679 
2.12012 -0.947586 
2.13213 -0.950412 
2.14414 -0.95315 
2.15616 -0.955794 
2.16817 -0.958335 
2.18018 -0.960768 
2.19219 -0.963086 
2.2042 -0.965282 
2.21622 -0.967348 
2.22823 -0.969278 
2.24024 -0.971065 
2.25225 -0.972702 
2.26426 -0.974182 
2.27628 -0.975498 
2.28829 -0.976642 
2.3003 -0.977607 
2.31231 -0.978388 
2.32432 -0.978975 
2.33634 -0.979363 
2.34835 -0.979543 
2.36036 -0.97951 
2.37237 -0.979255 
2.38438 -0.978771 
2.3964 -0.978052 
2.40841 -0.97709 
2.42042 -0.975877 
2.43243 -0.974407 
2.44444 -0.972673 
2.45646 -0.970666 
2.46847 -0.96838 
2.48048 -0.965808 
2.49249 -0.962943 
2.5045 -0.959776 
2.51652 -0.956301 
2.52853 -0.952512 
2.54054 -0.948399 
2.55255 -0.943957 
2.56456 -0.939179 
2.57658 -0.934056 
2.58859 -0.928582 
2.6006 -0.922749 
2.61261 -0.916552 
2.62462 -0.909981 
2.63664 -0.903031 
2.64865 -0.895695 
2.66066 -0.887964 
2.67267 -0.879833 
2.68468 -0.871294 
2.6967 -0.862341 
2.70871 -0.852965 
2.72072 -0.843161 
2.73273 -0.832922 
2.74474 -0.822241 
2.75676 -0.81111 
2.76877 -0.799524 
2.78078 -0.787475 
2.79279 -0.774957 
2.8048 -0.761963 
2.81682 -0.748486 
2.82883 -0.734521 
2.84084 -0.72006 
2.85285 -0.705096 
2.86486 -0.689625 
2.87688 -0.673639 
2.88889 -0.657132 
2.9009 -0.640097 
2.91291 -0.622529 
2.92492 -0.604421 
2.93694 -0.585768 
2.94895 -0.566562 
2.96096 -0.5468 
2.97297 -0.526473 
2.98498 -0.505577 
2.997 -0.484106 
3.00901 -0.462054 
3.02102 -0.439416 
3.03303 -0.416185 
3.04505 -0.392357 
3.05706 -0.367926 
3.06907 -0.342887 
3.08108 -0.317235 
3.09309 -0.290963 
3.10511 -0.264068 
3.11712 -0.236544 
3.12913 -0.208387 
3.14114 -0.179591 
3.15315 -0.150151 
3.16517 -0.120064 
3.17718 -0.0893238 
3.18919 -0.0579268 
3.2012 -0.0258683 
3.21321 0.0068559 
3.22523 0.0402501 
3.23724 0.0743184 
3.24925 0.109065 
3.26126 0.144493 
3.27327 0.180608 
3.28529 0.217412 
3.2973 0.254909 
3.30931 0.293103 
3.32132 0.331997 
3.33333 0.371594 
3.34535 0.411899 
3.35736 0.452913 
3.36937 0.49464 
3.38138 0.537083 
3.39339 0.580244 
3.40541 0.624127 
3.41742 0.668733 
3.42943 0.714065 
3.44144 0.760127 
3.45345 0.806918 
3.46547 0.854443 
3.47748 0.902703 
3.48949 0.951699 
3.5015 1.00143 
3.51351 1.05191 
3.52553 1.10313 
3.53754 1.15509 
3.54955 1.20779 
3.56156 1.26124 
3.57357 1.31544 
3.58559 1.37038 
3.5976 1.42608 
3.60961 1.48252 
3.62162 1.53971 
3.63363 1.59766 
3.64565 1.65635 
3.65766 1.7158 
3.66967 1.77599 
3.68168 1.83694 
3.69369 1.89864 
3.70571 1.96109 
3.71772 2.02429 
3.72973 2.08824 
3.74174 2.15294 
3.75375 2.21838 
3.76577 2.28458 
3.77778 2.35152 
3.78979 2.41921 
3.8018 2.48765 
3.81381 2.55683 
3.82583 2.62675 
3.83784 2.69741 
3.84985 2.76881 
3.86186 2.84095 
3.87387 2.91383 
3.88589 2.98744 
3.8979 3.06178 
3.90991 3.13686 
3.92192 3.21266 
3.93393 3.28919 
3.94595 3.36644 
3.95796 3.44441 
3.96997 3.52311 
3.98198 3.60251 
3.99399 3.68264 
4.00601 3.76347 
4.01802 3.84501 
4.03003 3.92726 
4.04204 4.01021 
4.05405 4.09386 
4.06607 4.1782 
4.07808 4.26324 
4.09009 4.34897 
4.1021 4.43539 
4.11411 4.52249 
4.12613 4.61027 
4.13814 4.69873 
4.15015 4.78786 
4.16216 4.87766 
4.17417 4.96813 
4.18619 5.05927 
4.1982 5.15106 
4.21021 5.24351 
4.22222 5.33662 
4.23423 5.43038 
4.24625 5.52478 
4.25826 5.61982 
4.27027 5.71551 
4.28228 5.81183 
4.29429 5.90879 
4.30631 6.00638 
4.31832 6.10459 
4.33033 6.20343 
4.34234 6.30289 
4.35435 6.40297 
4.36637 6.50366 
4.37838 6.60497 
4.39039 6.70689 
4.4024 6.80941 
4.41441 6.91254 
4.42643 7.01627 
4.43844 7.1206 
4.45045 7.22553 
4.46246 7.33106 
4.47447 7.43718 
4.48649 7.5439 
4.4985 7.65121 
4.51051 7.7591 
4.52252 7.86759 
4.53453 7.97667 
4.54655 8.08634 
4.55856 8.19659 
4.57057 8.30744 
4.58258 8.41887 
4.59459 8.5309 
4.60661 8.64351 
4.61862 8.75672 
4.63063 8.87052 
4.64264 8.98492 
4.65465 9.09991 
4.66667 9.2155 
4.67868 9.3317 
4.69069 9.44851 
4.7027 9.56592 
4.71471 9.68396 
4.72673 9.80261 
4.73874 9.92188 
4.75075 10.0418 
4.76276 10.1623 
4.77477 10.2835 
4.78679 10.4054 
4.7988 10.5279 
4.81081 10.651 
4.82282 10.7749 
4.83483 10.8994 
4.84685 11.0246 
4.85886 11.1506 
4.87087 11.2772 
4.88288 11.4046 
4.89489 11.5328 
4.90691 11.6617 
4.91892 11.7913 
4.93093 11.9218 
4.94294 12.0531 
4.95495 12.1852 
4.96697 12.3181 
4.97898 12.4519 
4.99099 12.5866 
5.003 12.7221 
5.01502 12.8586 
5.02703 12.9961 
5.03904 13.1345 
5.05105 13.2739 
5.06306 13.4144 
5.07508 13.5558 
5.08709 13.6984 
5.0991 13.8421 
5.11111 13.9869 
5.12312 14.1329 
5.13514 14.2801 
5.14715 14.4285 
5.15916 14.5782 
5.17117 14.7292 
5.18318 14.8816 
5.1952 15.0354 
5.20721 15.1906 
5.21922 15.3473 
5.23123 15.5055 
5.24324 15.6653 
5.25526 15.8267 
5.26727 15.9898 
5.27928 16.1546 
5.29129 16.3211 
5.3033 16.4896 
5.31532 16.6599 
5.32733 16.8321 
5.33934 17.0064 
5.35135 17.1828 
5.36336 17.3613 
5.37538 17.542 
5.38739 17.725 
5.3994 17.9104 
5.41141 18.0981 
5.42342 18.2884 
5.43544 18.4813 
5.44745 18.6769 
5.45946 18.8752 
5.47147 19.0763 
5.48348 19.2804 
5.4955 19.4875 
5.50751 19.6977 
5.51952 19.9111 
5.53153 20.1279 
5.54354 20.3481 
5.55556 20.5718 
5.56757 20.7991 
5.57958 21.0302 
5.59159 21.2652 
5.6036 21.5041 
5.61562 21.7472 
5.62763 21.9945 
5.63964 22.2461 
5.65165 22.5023 
5.66366 22.7631 
5.67568 23.0286 
5.68769 23.2991 
5.6997 23.5747 
5.71171 23.8554 
5.72372 24.1416 
5.73574 24.4333 
5.74775 24.7307 
5.75976 25.0339 
5.77177 25.3432 
5.78378 25.6587 
5.7958 25.9806 
5.80781 26.3091 
5.81982 26.6444 
5.83183 26.9866 
5.84384 27.336 
5.85586 27.6928 
5.86787 28.0572 
5.87988 28.4294 
5.89189 28.8096 
5.9039 29.1981 
5.91592 29.595 
5.92793 30.0007 
5.93994 30.4153 
5.95195 30.8392 
5.96396 31.2725 
5.97598 31.7155 
5.98799 32.1686 
6 32.6318 
