1000 2
-6 19.0885 
-5.98799 19.0929 
-5.97598 19.0972 
-5.96396 19.1013 
-5.95195 19.1053 
-5.93994 19.1092 
-5.92793 19.1128 
-5.91592 19.1163 
-5.9039 19.1197 
-5.89189 19.1228 
-5.87988 19.1258 
-5.86787 19.1286 
-5.85586 19.1312 
-5.84384 19.1335 
-5.83183 19.1357 
-5.81982 19.1377 
-5.80781 19.1394 
-5.7958 19.1409 
-5.78378 19.1422 
-5.77177 19.1433 
-5.75976 19.1441 
-5.74775 19.1447 
-5.73574 19.145 
-5.72372 19.1451 
-5.71171 19.1449 
-5.6997 19.1445 
-5.68769 19.1437 
-5.67568 19.1428 
-5.66366 19.1415 
-5.65165 19.1399 
-5.63964 19.1381 
-5.62763 19.1359 
-5.61562 19.1335 
-5.6036 19.1308 
-5.59159 19.1277 
-5.57958 19.1244 
-5.56757 19.1207 
-5.55556 19.1167 
-5.54354 19.1124 
-5.53153 19.1077 
-5.51952 19.1028 
-5.50751 19.0974 
-5.4955 19.0918 
-5.48348 19.0858 
-5.47147 19.0794 
-5.45946 19.0727 
-5.44745 19.0656 
-5.43544 19.0582 
-5.42342 19.0503 
-5.41141 19.0422 
-5.3994 19.0336 
-5.38739 19.0247 
-5.37538 19.0154 
-5.36336 19.0057 
-5.35135 18.9956 
-5.33934 18.9851 
-5.32733 18.9742 
-5.31532 18.9629 
-5.3033 18.9512 
-5.29129 18.9391 
-5.27928 18.9266 
-5.26727 18.9137 
-5.25526 18.9004 
-5.24324 18.8866 
-5.23123 18.8725 
-5.21922 18.8579 
-5.20721 18.8428 
-5.1952 18.8274 
-5.18318 18.8115 
-5.17117 18.7951 
-5.15916 18.7784 
-5.14715 18.7612 
-5.13514 18.7435 
-5.12312 18.7254 
-5.11111 18.7068 
-5.0991 18.6878 
-5.08709 18.6684 
-5.07508 18.6484 
-5.06306 18.6281 
-5.05105 18.6072 
-5.03904 18.5859 
-5.02703 18.5642 
-5.01502 18.5419 
-5.003 18.5192 
-4.99099 18.4961 
-4.97898 18.4724 
-4.96697 18.4483 
-4.95495 18.4238 
-4.94294 18.3987 
-4.93093 18.3732 
-4.91892 18.3471 
-4.90691 18.3206 
-4.89489 18.2937 
-4.88288 18.2662 
-4.87087 18.2383 
-4.85886 18.2099 
-4.84685 18.1809 
-4.83483 18.1516 
-4.82282 18.1217 
-4.81081 18.0913 
-4.7988 18.0605 
-4.78679 18.0291 
-4.77477 17.9973 
-4.76276 17.965 
-4.75075 17.9322 
-4.73874 17.8989 
-4.72673 17.8651 
-4.71471 17.8308 
-4.7027 17.796 
-4.69069 17.7608 
-4.67868 17.7251 
-4.66667 17.6888 
-4.65465 17.6521 
-4.64264 17.6149 
-4.63063 17.5772 
-4.61862 17.539 
-4.60661 17.5004 
-4.59459 17.4612 
-4.58258 17.4216 
-4.57057 17.3814 
-4.55856 17.3408 
-4.54655 17.2997 
-4.53453 17.2582 
-4.52252 17.2161 
-4.51051 17.1736 
-4.4985 17.1306 
-4.48649 17.0871 
-4.47447 17.0431 
-4.46246 16.9987 
-4.45045 16.9538 
-4.43844 16.9084 
-4.42643 16.8625 
-4.41441 16.8162 
-4.4024 16.7694 
-4.39039 16.7222 
-4.37838 16.6745 
-4.36637 16.6263 
-4.35435 16.5777 
-4.34234 16.5286 
-4.33033 16.4791 
-4.31832 16.4291 
-4.30631 16.3786 
-4.29429 16.3278 
-4.28228 16.2764 
-4.27027 16.2247 
-4.25826 16.1724 
-4.24625 16.1198 
-4.23423 16.0667 
-4.22222 16.0132 
-4.21021 15.9593 
-4.1982 15.9049 
-4.18619 15.8501 
-4.17417 15.7949 
-4.16216 15.7393 
-4.15015 15.6832 
-4.13814 15.6268 
-4.12613 15.5699 
-4.11411 15.5127 
-4.1021 15.455 
-4.09009 15.397 
-4.07808 15.3385 
-4.06607 15.2797 
-4.05405 15.2205 
-4.04204 15.1609 
-4.03003 15.1009 
-4.01802 15.0405 
-4.00601 14.9798 
-3.99399 14.9187 
-3.98198 14.8573 
-3.96997 14.7954 
-3.95796 14.7333 
-3.94595 14.6708 
-3.93393 14.6079 
-3.92192 14.5447 
-3.90991 14.4812 
-3.8979 14.4173 
-3.88589 14.3531 
-3.87387 14.2885 
-3.86186 14.2237 
-3.84985 14.1585 
-3.83784 14.0931 
-3.82583 14.0273 
-3.81381 13.9612 
-3.8018 13.8948 
-3.78979 13.8281 
-3.77778 13.7612 
-3.76577 13.6939 
-3.75375 13.6264 
-3.74174 13.5586 
-3.72973 13.4906 
-3.71772 13.4223 
-3.70571 13.3537 
-3.69369 13.2849 
-3.68168 13.2158 
-3.66967 13.1465 
-3.65766 13.0769 
-3.64565 13.0071 
-3.63363 12.9371 
-3.62162 12.8669 
-3.60961 12.7965 
-3.5976 12.7258 
-3.58559 12.6549 
-3.57357 12.5839 
-3.56156 12.5126 
-3.54955 12.4412 
-3.53754 12.3696 
-3.52553 12.2978 
-3.51351 12.2258 
-3.5015 12.1537 
-3.48949 12.0814 
-3.47748 12.0089 
-3.46547 11.9363 
-3.45345 11.8636 
-3.44144 11.7907 
-3.42943 11.7177 
-3.41742 11.6446 
-3.40541 11.5713 
-3.39339 11.498 
-3.38138 11.4245 
-3.36937 11.3509 
-3.35736 11.2772 
-3.34535 11.2035 
-3.33333 11.1296 
-3.32132 11.0557 
-3.30931 10.9817 
-3.2973 10.9077 
-3.28529 10.8336 
-3.27327 10.7594 
-3.26126 10.6852 
-3.24925 10.6109 
-3.23724 10.5366 
-3.22523 10.4623 
-3.21321 10.3879 
-3.2012 10.3136 
-3.18919 10.2392 
-3.17718 10.1648 
-3.16517 10.0904 
-3.15315 10.016 
-3.14114 9.94168 
-3.12913 9.86734 
-3.11712 9.79302 
-3.10511 9.71873 
-3.09309 9.64448 
-3.08108 9.57027 
-3.06907 9.49611 
-3.05706 9.42201 
-3.04505 9.34797 
-3.03303 9.27399 
-3.02102 9.20009 
-3.00901 9.12627 
-2.997 9.05254 
-2.98498 8.97889 
-2.97297 8.90535 
-2.96096 8.83191 
-2.94895 8.75858 
-2.93694 8.68536 
-2.92492 8.61227 
-2.91291 8.5393 
-2.9009 8.46647 
-2.88889 8.39378 
-2.87688 8.32124 
-2.86486 8.24884 
-2.85285 8.1766 
-2.84084 8.10453 
-2.82883 8.03263 
-2.81682 7.9609 
-2.8048 7.88935 
-2.79279 7.81799 
-2.78078 7.74682 
-2.76877 7.67585 
-2.75676 7.60508 
-2.74474 7.53453 
-2.73273 7.46418 
-2.72072 7.39406 
-2.70871 7.32417 
-2.6967 7.25451 
-2.68468 7.18508 
-2.67267 7.1159 
-2.66066 7.04697 
-2.64865 6.97829 
-2.63664 6.90987 
-2.62462 6.84172 
-2.61261 6.77383 
-2.6006 6.70622 
-2.58859 6.6389 
-2.57658 6.57185 
-2.56456 6.5051 
-2.55255 6.43865 
-2.54054 6.3725 
-2.52853 6.30666 
-2.51652 6.24112 
-2.5045 6.17591 
-2.49249 6.11101 
-2.48048 6.04645 
-2.46847 5.98221 
-2.45646 5.91831 
-2.44444 5.85475 
-2.43243 5.79154 
-2.42042 5.72868 
-2.40841 5.66618 
-2.3964 5.60403 
-2.38438 5.54225 
-2.37237 5.48084 
-2.36036 5.4198 
-2.34835 5.35915 
-2.33634 5.29887 
-2.32432 5.23898 
-2.31231 5.17948 
-2.3003 5.12038 
-2.28829 5.06168 
-2.27628 5.00338 
-2.26426 4.94549 
-2.25225 4.88801 
-2.24024 4.83095 
-2.22823 4.7743 
-2.21622 4.71808 
-2.2042 4.66229 
-2.19219 4.60693 
-2.18018 4.552 
-2.16817 4.49752 
-2.15616 4.44347 
-2.14414 4.38987 
-2.13213 4.33672 
-2.12012 4.28402 
-2.10811 4.23178 
-2.0961 4.17999 
-2.08408 4.12867 
-2.07207 4.07782 
-2.06006 4.02743 
-2.04805 3.97751 
-2.03604 3.92807 
-2.02402 3.87911 
-2.01201 3.83062 
-2 3.78262 
-1.98799 3.73511 
-1.97598 3.68808 
-1.96396 3.64155 
-1.95195 3.5955 
-1.93994 3.54996 
-1.92793 3.50491 
-1.91592 3.46037 
-1.9039 3.41632 
-1.89189 3.37278 
-1.87988 3.32975 
-1.86787 3.28723 
-1.85586 3.24522 
-1.84384 3.20373 
-1.83183 3.16275 
-1.81982 3.12228 
-1.80781 3.08234 
-1.7958 3.04291 
-1.78378 3.00401 
-1.77177 2.96563 
-1.75976 2.92777 
-1.74775 2.89044 
-1.73574 2.85364 
-1.72372 2.81737 
-1.71171 2.78163 
-1.6997 2.74642 
-1.68769 2.71174 
-1.67568 2.6776 
-1.66366 2.64399 
-1.65165 2.61091 
-1.63964 2.57837 
-1.62763 2.54636 
-1.61562 2.5149 
-1.6036 2.48397 
-1.59159 2.45358 
-1.57958 2.42372 
-1.56757 2.39441 
-1.55556 2.36563 
-1.54354 2.3374 
-1.53153 2.3097 
-1.51952 2.28254 
-1.50751 2.25592 
-1.4955 2.22984 
-1.48348 2.2043 
-1.47147 2.1793 
-1.45946 2.15484 
-1.44745 2.13091 
-1.43544 2.10753 
-1.42342 2.08468 
-1.41141 2.06236 
-1.3994 2.04059 
-1.38739 2.01934 
-1.37538 1.99864 
-1.36336 1.97846 
-1.35135 1.95882 
-1.33934 1.93971 
-1.32733 1.92113 
-1.31532 1.90309 
-1.3033 1.88556 
-1.29129 1.86857 
-1.27928 1.8521 
-1.26727 1.83616 
-1.25526 1.82074 
-1.24324 1.80584 
-1.23123 1.79146 
-1.21922 1.7776 
-1.20721 1.76425 
-1.1952 1.75142 
-1.18318 1.73911 
-1.17117 1.7273 
-1.15916 1.716 
-1.14715 1.70521 
-1.13514 1.69492 
-1.12312 1.68514 
-1.11111 1.67585 
-1.0991 1.66707 
-1.08709 1.65878 
-1.07508 1.65098 
-1.06306 1.64367 
-1.05105 1.63685 
-1.03904 1.63052 
-1.02703 1.62467 
-1.01502 1.6193 
-1.003 1.6144 
-0.990991 1.60998 
-0.978979 1.60603 
-0.966967 1.60255 
-0.954955 1.59954 
-0.942943 1.59699 
-0.930931 1.59489 
-0.918919 1.59325 
-0.906907 1.59207 
-0.894895 1.59133 
-0.882883 1.59105 
-0.870871 1.5912 
-0.858859 1.59179 
-0.846847 1.59282 
-0.834835 1.59428 
-0.822823 1.59617 
-0.810811 1.59848 
-0.798799 1.60121 
-0.786787 1.60436 
-0.774775 1.60793 
-0.762763 1.6119 
-0.750751 1.61628 
-0.738739 1.62106 
-0.726727 1.62624 
-0.714715 1.63181 
-0.702703 1.63777 
-0.690691 1.64412 
-0.678679 1.65085 
-0.666667 1.65795 
-0.654655 1.66543 
-0.642643 1.67327 
-0.630631 1.68148 
-0.618619 1.69005 
-0.606607 1.69897 
-0.594595 1.70824 
-0.582583 1.71786 
-0.570571 1.72782 
-0.558559 1.73812 
-0.546547 1.74875 
-0.534535 1.7597 
-0.522523 1.77098 
-0.510511 1.78258 
-0.498498 1.79449 
-0.486486 1.80671 
-0.474474 1.81923 
-0.462462 1.83205 
-0.45045 1.84516 
-0.438438 1.85856 
-0.426426 1.87225 
-0.414414 1.88622 
-0.402402 1.90045 
-0.39039 1.91496 
-0.378378 1.92973 
-0.366366 1.94476 
-0.354354 1.96004 
-0.342342 1.97557 
-0.33033 1.99135 
-0.318318 2.00736 
-0.306306 2.02361 
-0.294294 2.04008 
-0.282282 2.05677 
-0.27027 2.07368 
-0.258258 2.09081 
-0.246246 2.10814 
-0.234234 2.12567 
-0.222222 2.14339 
-0.21021 2.16131 
-0.198198 2.17941 
-0.186186 2.19769 
-0.174174 2.21615 
-0.162162 2.23477 
-0.15015 2.25356 
-0.138138 2.27251 
-0.126126 2.29161 
-0.114114 2.31085 
-0.102102 2.33024 
-0.0900901 2.34977 
-0.0780781 2.36942 
-0.0660661 2.3892 
-0.0540541 2.4091 
-0.042042 2.42912 
-0.03003 2.44924 
-0.018018 2.46947 
-0.00600601 2.4898 
0.00600601 2.51022 
0.018018 2.53073 
0.03003 2.55132 
0.042042 2.57198 
0.0540541 2.59272 
0.0660661 2.61353 
0.0780781 2.63439 
0.0900901 2.65531 
0.102102 2.67628 
0.114114 2.69729 
0.126126 2.71834 
0.138138 2.73942 
0.15015 2.76054 
0.162162 2.78167 
0.174174 2.80282 
0.186186 2.82399 
0.198198 2.84516 
0.21021 2.86633 
0.222222 2.8875 
0.234234 2.90866 
0.246246 2.92981 
0.258258 2.95094 
0.27027 2.97204 
0.282282 2.99311 
0.294294 3.01415 
0.306306 3.03515 
0.318318 3.0561 
0.33033 3.07701 
0.342342 3.09785 
0.354354 3.11864 
0.366366 3.13936 
0.378378 3.16002 
0.39039 3.1806 
0.402402 3.20109 
0.414414 3.22151 
0.426426 3.24183 
0.438438 3.26206 
0.45045 3.28219 
0.462462 3.30222 
0.474474 3.32214 
0.486486 3.34194 
0.498498 3.36163 
0.510511 3.38119 
0.522523 3.40063 
0.534535 3.41994 
0.546547 3.43911 
0.558559 3.45814 
0.570571 3.47703 
0.582583 3.49577 
0.594595 3.51435 
0.606607 3.53278 
0.618619 3.55104 
0.630631 3.56914 
0.642643 3.58707 
0.654655 3.60483 
0.666667 3.62241 
0.678679 3.6398 
0.690691 3.65701 
0.702703 3.67403 
0.714715 3.69086 
0.726727 3.70749 
0.738739 3.72392 
0.750751 3.74014 
0.762763 3.75616 
0.774775 3.77196 
0.786787 3.78755 
0.798799 3.80292 
0.810811 3.81806 
0.822823 3.83298 
0.834835 3.84768 
0.846847 3.86214 
0.858859 3.87636 
0.870871 3.89035 
0.882883 3.90409 
0.894895 3.9176 
0.906907 3.93085 
0.918919 3.94385 
0.930931 3.9566 
0.942943 3.9691 
0.954955 3.98134 
0.966967 3.99331 
0.978979 4.00502 
0.990991 4.01647 
1.003 4.02765 
1.01502 4.03855 
1.02703 4.04919 
1.03904 4.05955 
1.05105 4.06963 
1.06306 4.07943 
1.07508 4.08895 
1.08709 4.09819 
1.0991 4.10714 
1.11111 4.1158 
1.12312 4.12418 
1.13514 4.13226 
1.14715 4.14005 
1.15916 4.14755 
1.17117 4.15476 
1.18318 4.16166 
1.1952 4.16827 
1.20721 4.17458 
1.21922 4.18059 
1.23123 4.1863 
1.24324 4.1917 
1.25526 4.19681 
1.26727 4.2016 
1.27928 4.2061 
1.29129 4.21028 
1.3033 4.21416 
1.31532 4.21774 
1.32733 4.221 
1.33934 4.22396 
1.35135 4.22661 
1.36336 4.22895 
1.37538 4.23098 
1.38739 4.23271 
1.3994 4.23412 
1.41141 4.23523 
1.42342 4.23602 
1.43544 4.23651 
1.44745 4.23669 
1.45946 4.23656 
1.47147 4.23612 
1.48348 4.23538 
1.4955 4.23433 
1.50751 4.23297 
1.51952 4.23131 
1.53153 4.22935 
1.54354 4.22708 
1.55556 4.22451 
1.56757 4.22163 
1.57958 4.21846 
1.59159 4.21499 
1.6036 4.21122 
1.61562 4.20715 
1.62763 4.20279 
1.63964 4.19814 
1.65165 4.19319 
1.66366 4.18795 
1.67568 4.18243 
1.68769 4.17661 
1.6997 4.17052 
1.71171 4.16414 
1.72372 4.15748 
1.73574 4.15054 
1.74775 4.14332 
1.75976 4.13583 
1.77177 4.12807 
1.78378 4.12004 
1.7958 4.11175 
1.80781 4.10319 
1.81982 4.09437 
1.83183 4.08529 
1.84384 4.07595 
1.85586 4.06636 
1.86787 4.05653 
1.87988 4.04644 
1.89189 4.03612 
1.9039 4.02555 
1.91592 4.01474 
1.92793 4.00371 
1.93994 3.99244 
1.95195 3.98095 
1.96396 3.96923 
1.97598 3.95729 
1.98799 3.94514 
2 3.93278 
2.01201 3.92021 
2.02402 3.90744 
2.03604 3.89446 
2.04805 3.8813 
2.06006 3.86794 
2.07207 3.85439 
2.08408 3.84066 
2.0961 3.82676 
2.10811 3.81268 
2.12012 3.79843 
2.13213 3.78402 
2.14414 3.76944 
2.15616 3.75472 
2.16817 3.73984 
2.18018 3.72482 
2.19219 3.70966 
2.2042 3.69436 
2.21622 3.67893 
2.22823 3.66338 
2.24024 3.64771 
2.25225 3.63193 
2.26426 3.61603 
2.27628 3.60004 
2.28829 3.58394 
2.3003 3.56776 
2.31231 3.55149 
2.32432 3.53514 
2.33634 3.51871 
2.34835 3.50221 
2.36036 3.48566 
2.37237 3.46904 
2.38438 3.45237 
2.3964 3.43566 
2.40841 3.41891 
2.42042 3.40213 
2.43243 3.38532 
2.44444 3.36849 
2.45646 3.35165 
2.46847 3.3348 
2.48048 3.31795 
2.49249 3.30111 
2.5045 3.28428 
2.51652 3.26747 
2.52853 3.25068 
2.54054 3.23393 
2.55255 3.21721 
2.56456 3.20055 
2.57658 3.18394 
2.58859 3.16738 
2.6006 3.1509 
2.61261 3.13449 
2.62462 3.11816 
2.63664 3.10192 
2.64865 3.08578 
2.66066 3.06974 
2.67267 3.05381 
2.68468 3.038 
2.6967 3.02231 
2.70871 3.00676 
2.72072 2.99135 
2.73273 2.97609 
2.74474 2.96098 
2.75676 2.94604 
2.76877 2.93126 
2.78078 2.91667 
2.79279 2.90226 
2.8048 2.88805 
2.81682 2.87404 
2.82883 2.86023 
2.84084 2.84665 
2.85285 2.83329 
2.86486 2.82017 
2.87688 2.80729 
2.88889 2.79465 
2.9009 2.78228 
2.91291 2.77017 
2.92492 2.75833 
2.93694 2.74678 
2.94895 2.73552 
2.96096 2.72456 
2.97297 2.7139 
2.98498 2.70356 
2.997 2.69354 
3.00901 2.68385 
3.02102 2.67451 
3.03303 2.66551 
3.04505 2.65687 
3.05706 2.6486 
3.06907 2.64069 
3.08108 2.63318 
3.09309 2.62605 
3.10511 2.61932 
3.11712 2.613 
3.12913 2.60709 
3.14114 2.60161 
3.15315 2.59657 
3.16517 2.59196 
3.17718 2.58781 
3.18919 2.58412 
3.2012 2.58089 
3.21321 2.57814 
3.22523 2.57587 
3.23724 2.5741 
3.24925 2.57284 
3.26126 2.57208 
3.27327 2.57184 
3.28529 2.57214 
3.2973 2.57297 
3.30931 2.57434 
3.32132 2.57627 
3.33333 2.57877 
3.34535 2.58183 
3.35736 2.58548 
3.36937 2.58972 
3.38138 2.59455 
3.39339 2.6 
3.40541 2.60606 
3.41742 2.61274 
3.42943 2.62006 
3.44144 2.62802 
3.45345 2.63663 
3.46547 2.6459 
3.47748 2.65584 
3.48949 2.66645 
3.5015 2.67776 
3.51351 2.68975 
3.52553 2.70245 
3.53754 2.71586 
3.54955 2.73 
3.56156 2.74486 
3.57357 2.76046 
3.58559 2.77681 
3.5976 2.79391 
3.60961 2.81178 
3.62162 2.83042 
3.63363 2.84984 
3.64565 2.87005 
3.65766 2.89106 
3.66967 2.91288 
3.68168 2.93551 
3.69369 2.95897 
3.70571 2.98326 
3.71772 3.00839 
3.72973 3.03437 
3.74174 3.06121 
3.75375 3.08891 
3.76577 3.11749 
3.77778 3.14696 
3.78979 3.17732 
3.8018 3.20857 
3.81381 3.24074 
3.82583 3.27382 
3.83784 3.30783 
3.84985 3.34277 
3.86186 3.37866 
3.87387 3.41549 
3.88589 3.45328 
3.8979 3.49204 
3.90991 3.53178 
3.92192 3.57249 
3.93393 3.6142 
3.94595 3.65691 
3.95796 3.70062 
3.96997 3.74535 
3.98198 3.79111 
3.99399 3.83789 
4.00601 3.88571 
4.01802 3.93458 
4.03003 3.98451 
4.04204 4.0355 
4.05405 4.08756 
4.06607 4.14069 
4.07808 4.19491 
4.09009 4.25023 
4.1021 4.30665 
4.11411 4.36418 
4.12613 4.42282 
4.13814 4.48259 
4.15015 4.54349 
4.16216 4.60553 
4.17417 4.66872 
4.18619 4.73306 
4.1982 4.79856 
4.21021 4.86523 
4.22222 4.93308 
4.23423 5.00212 
4.24625 5.07234 
4.25826 5.14376 
4.27027 5.21639 
4.28228 5.29023 
4.29429 5.36529 
4.30631 5.44158 
4.31832 5.5191 
4.33033 5.59786 
4.34234 5.67787 
4.35435 5.75914 
4.36637 5.84166 
4.37838 5.92546 
4.39039 6.01053 
4.4024 6.09688 
4.41441 6.18452 
4.42643 6.27346 
4.43844 6.3637 
4.45045 6.45525 
4.46246 6.54811 
4.47447 6.6423 
4.48649 6.73781 
4.4985 6.83466 
4.51051 6.93285 
4.52252 7.03239 
4.53453 7.13328 
4.54655 7.23554 
4.55856 7.33916 
4.57057 7.44415 
4.58258 7.55052 
4.59459 7.65828 
4.60661 7.76743 
4.61862 7.87797 
4.63063 7.98992 
4.64264 8.10328 
4.65465 8.21806 
4.66667 8.33425 
4.67868 8.45187 
4.69069 8.57093 
4.7027 8.69143 
4.71471 8.81337 
4.72673 8.93676 
4.73874 9.0616 
4.75075 9.18791 
4.76276 9.31569 
4.77477 9.44493 
4.78679 9.57566 
4.7988 9.70787 
4.81081 9.84157 
4.82282 9.97676 
4.83483 10.1135 
4.84685 10.2517 
4.85886 10.3914 
4.87087 10.5326 
4.88288 10.6753 
4.89489 10.8196 
4.90691 10.9654 
4.91892 11.1128 
4.93093 11.2617 
4.94294 11.4121 
4.95495 11.5641 
4.96697 11.7176 
4.97898 11.8727 
4.99099 12.0294 
5.003 12.1877 
5.01502 12.3475 
5.02703 12.5089 
5.03904 12.6719 
5.05105 12.8365 
5.06306 13.0026 
5.07508 13.1704 
5.08709 13.3398 
5.0991 13.5108 
5.11111 13.6834 
5.12312 13.8577 
5.13514 14.0335 
5.14715 14.211 
5.15916 14.3901 
5.17117 14.5709 
5.18318 14.7533 
5.1952 14.9373 
5.20721 15.123 
5.21922 15.3104 
5.23123 15.4994 
5.24324 15.6901 
5.25526 15.8825 
5.26727 16.0765 
5.27928 16.2722 
5.29129 16.4696 
5.3033 16.6687 
5.31532 16.8695 
5.32733 17.0719 
5.33934 17.2761 
5.35135 17.482 
5.36336 17.6896 
5.37538 17.8989 
5.38739 18.1099 
5.3994 18.3226 
5.41141 18.5371 
5.42342 18.7533 
5.43544 18.9712 
5.44745 19.1909 
5.45946 19.4123 
5.47147 19.6354 
5.48348 19.8603 
5.4955 20.087 
5.50751 20.3154 
5.51952 20.5456 
5.53153 20.7776 
5.54354 21.0113 
5.55556 21.2468 
5.56757 21.4841 
5.57958 21.7232 
5.59159 21.9641 
5.6036 22.2067 
5.61562 22.4512 
5.62763 22.6975 
5.63964 22.9455 
5.65165 23.1954 
5.66366 23.4471 
5.67568 23.7006 
5.68769 23.956 
5.6997 24.2131 
5.71171 24.4721 
5.72372 24.733 
5.73574 24.9957 
5.74775 25.2602 
5.75976 25.5266 
5.77177 25.7948 
5.78378 26.0649 
5.7958 26.3369 
5.80781 26.6107 
5.81982 26.8864 
5.83183 27.164 
5.84384 27.4434 
5.85586 27.7248 
5.86787 28.008 
5.87988 28.2931 
5.89189 28.5802 
5.9039 28.8691 
5.91592 29.16 
5.92793 29.4527 
5.93994 29.7474 
5.95195 30.0441 
5.96396 30.3426 
5.97598 30.6431 
5.98799 30.9455 
6 31.2499 
