1000 2
-6 19.0962 
-5.98799 18.9372 
-5.97598 18.785 
-5.96396 18.6395 
-5.95195 18.5005 
-5.93994 18.3679 
-5.92793 18.2414 
-5.91592 18.121 
-5.9039 18.0064 
-5.89189 17.8975 
-5.87988 17.7943 
-5.86787 17.6964 
-5.85586 17.6038 
-5.84384 17.5163 
-5.83183 17.4337 
-5.81982 17.356 
-5.80781 17.283 
-5.7958 17.2146 
-5.78378 17.1506 
-5.77177 17.0909 
-5.75976 17.0353 
-5.74775 16.9838 
-5.73574 16.9362 
-5.72372 16.8924 
-5.71171 16.8522 
-5.6997 16.8156 
-5.68769 16.7825 
-5.67568 16.7526 
-5.66366 16.726 
-5.65165 16.7024 
-5.63964 16.6819 
-5.62763 16.6642 
-5.61562 16.6493 
-5.6036 16.6371 
-5.59159 16.6274 
-5.57958 16.6202 
-5.56757 16.6154 
-5.55556 16.6128 
-5.54354 16.6124 
-5.53153 16.6142 
-5.51952 16.6179 
-5.50751 16.6235 
-5.4955 16.631 
-5.48348 16.6402 
-5.47147 16.6511 
-5.45946 16.6635 
-5.44745 16.6774 
-5.43544 16.6927 
-5.42342 16.7094 
-5.41141 16.7273 
-5.3994 16.7465 
-5.38739 16.7667 
-5.37538 16.788 
-5.36336 16.8102 
-5.35135 16.8334 
-5.33934 16.8573 
-5.32733 16.8821 
-5.31532 16.9076 
-5.3033 16.9337 
-5.29129 16.9604 
-5.27928 16.9876 
-5.26727 17.0152 
-5.25526 17.0433 
-5.24324 17.0717 
-5.23123 17.1005 
-5.21922 17.1294 
-5.20721 17.1586 
-5.1952 17.1879 
-5.18318 17.2173 
-5.17117 17.2467 
-5.15916 17.2761 
-5.14715 17.3054 
-5.13514 17.3347 
-5.12312 17.3638 
-5.11111 17.3927 
-5.0991 17.4214 
-5.08709 17.4498 
-5.07508 17.4779 
-5.06306 17.5056 
-5.05105 17.533 
-5.03904 17.5599 
-5.02703 17.5864 
-5.01502 17.6124 
-5.003 17.6378 
-4.99099 17.6627 
-4.97898 17.687 
-4.96697 17.7107 
-4.95495 17.7337 
-4.94294 17.756 
-4.93093 17.7776 
-4.91892 17.7985 
-4.90691 17.8186 
-4.89489 17.8379 
-4.88288 17.8564 
-4.87087 17.874 
-4.85886 17.8908 
-4.84685 17.9067 
-4.83483 17.9217 
-4.82282 17.9357 
-4.81081 17.9488 
-4.7988 17.961 
-4.78679 17.9721 
-4.77477 17.9823 
-4.76276 17.9914 
-4.75075 17.9995 
-4.73874 18.0065 
-4.72673 18.0124 
-4.71471 18.0173 
-4.7027 18.0211 
-4.69069 18.0237 
-4.67868 18.0253 
-4.66667 18.0257 
-4.65465 18.0249 
-4.64264 18.023 
-4.63063 18.0199 
-4.61862 18.0157 
-4.60661 18.0102 
-4.59459 18.0036 
-4.58258 17.9958 
-4.57057 17.9867 
-4.55856 17.9765 
-4.54655 17.965 
-4.53453 17.9523 
-4.52252 17.9384 
-4.51051 17.9232 
-4.4985 17.9068 
-4.48649 17.8891 
-4.47447 17.8702 
-4.46246 17.8501 
-4.45045 17.8287 
-4.43844 17.8061 
-4.42643 17.7822 
-4.41441 17.757 
-4.4024 17.7306 
-4.39039 17.7029 
-4.37838 17.674 
-4.36637 17.6438 
-4.35435 17.6124 
-4.34234 17.5797 
-4.33033 17.5458 
-4.31832 17.5107 
-4.30631 17.4743 
-4.29429 17.4366 
-4.28228 17.3977 
-4.27027 17.3576 
-4.25826 17.3163 
-4.24625 17.2737 
-4.23423 17.2299 
-4.22222 17.1849 
-4.21021 17.1387 
-4.1982 17.0913 
-4.18619 17.0428 
-4.17417 16.993 
-4.16216 16.942 
-4.15015 16.8899 
-4.13814 16.8366 
-4.12613 16.7821 
-4.11411 16.7265 
-4.1021 16.6697 
-4.09009 16.6118 
-4.07808 16.5528 
-4.06607 16.4926 
-4.05405 16.4314 
-4.04204 16.369 
-4.03003 16.3056 
-4.01802 16.241 
-4.00601 16.1754 
-3.99399 16.1088 
-3.98198 16.0411 
-3.96997 15.9723 
-3.95796 15.9025 
-3.94595 15.8317 
-3.93393 15.7599 
-3.92192 15.6871 
-3.90991 15.6133 
-3.8979 15.5385 
-3.88589 15.4627 
-3.87387 15.386 
-3.86186 15.3084 
-3.84985 15.2299 
-3.83784 15.1504 
-3.82583 15.07 
-3.81381 14.9887 
-3.8018 14.9066 
-3.78979 14.8235 
-3.77778 14.7397 
-3.76577 14.6549 
-3.75375 14.5694 
-3.74174 14.483 
-3.72973 14.3959 
-3.71772 14.3079 
-3.70571 14.2192 
-3.69369 14.1297 
-3.68168 14.0395 
-3.66967 13.9485 
-3.65766 13.8568 
-3.64565 13.7644 
-3.63363 13.6713 
-3.62162 13.5775 
-3.60961 13.4831 
-3.5976 13.388 
-3.58559 13.2922 
-3.57357 13.1959 
-3.56156 13.0989 
-3.54955 13.0013 
-3.53754 12.9032 
-3.52553 12.8045 
-3.51351 12.7052 
-3.5015 12.6054 
-3.48949 12.505 
-3.47748 12.4042 
-3.46547 12.3028 
-3.45345 12.201 
-3.44144 12.0987 
-3.42943 11.9959 
-3.41742 11.8927 
-3.40541 11.7891 
-3.39339 11.685 
-3.38138 11.5806 
-3.36937 11.4758 
-3.35736 11.3706 
-3.34535 11.265 
-3.33333 11.1591 
-3.32132 11.0529 
-3.30931 10.9464 
-3.2973 10.8396 
-3.28529 10.7324 
-3.27327 10.6251 
-3.26126 10.5174 
-3.24925 10.4095 
-3.23724 10.3014 
-3.22523 10.1931 
-3.21321 10.0846 
-3.2012 9.97584 
-3.18919 9.86695 
-3.17718 9.7579 
-3.16517 9.64871 
-3.15315 9.53938 
-3.14114 9.42994 
-3.12913 9.32039 
-3.11712 9.21075 
-3.10511 9.10104 
-3.09309 8.99126 
-3.08108 8.88142 
-3.06907 8.77155 
-3.05706 8.66166 
-3.04505 8.55176 
-3.03303 8.44185 
-3.02102 8.33197 
-3.00901 8.22211 
-2.997 8.11229 
-2.98498 8.00252 
-2.97297 7.89283 
-2.96096 7.78321 
-2.94895 7.67368 
-2.93694 7.56426 
-2.92492 7.45495 
-2.91291 7.34577 
-2.9009 7.23674 
-2.88889 7.12786 
-2.87688 7.01914 
-2.86486 6.9106 
-2.85285 6.80225 
-2.84084 6.6941 
-2.82883 6.58617 
-2.81682 6.47846 
-2.8048 6.37098 
-2.79279 6.26375 
-2.78078 6.15679 
-2.76877 6.05009 
-2.75676 5.94367 
-2.74474 5.83755 
-2.73273 5.73173 
-2.72072 5.62623 
-2.70871 5.52105 
-2.6967 5.41621 
-2.68468 5.31171 
-2.67267 5.20757 
-2.66066 5.1038 
-2.64865 5.0004 
-2.63664 4.89739 
-2.62462 4.79479 
-2.61261 4.69258 
-2.6006 4.5908 
-2.58859 4.48944 
-2.57658 4.38852 
-2.56456 4.28805 
-2.55255 4.18803 
-2.54054 4.08848 
-2.52853 3.9894 
-2.51652 3.89081 
-2.5045 3.79271 
-2.49249 3.69511 
-2.48048 3.59802 
-2.46847 3.50144 
-2.45646 3.4054 
-2.44444 3.30989 
-2.43243 3.21492 
-2.42042 3.12051 
-2.40841 3.02665 
-2.3964 2.93336 
-2.38438 2.84065 
-2.37237 2.74852 
-2.36036 2.65699 
-2.34835 2.56605 
-2.33634 2.47571 
-2.32432 2.38599 
-2.31231 2.29689 
-2.3003 2.20841 
-2.28829 2.12057 
-2.27628 2.03337 
-2.26426 1.94682 
-2.25225 1.86092 
-2.24024 1.77568 
-2.22823 1.6911 
-2.21622 1.6072 
-2.2042 1.52398 
-2.19219 1.44144 
-2.18018 1.35959 
-2.16817 1.27843 
-2.15616 1.19798 
-2.14414 1.11823 
-2.13213 1.03919 
-2.12012 0.960876 
-2.10811 0.883279 
-2.0961 0.80641 
-2.08408 0.730272 
-2.07207 0.65487 
-2.06006 0.58021 
-2.04805 0.506295 
-2.03604 0.433129 
-2.02402 0.360718 
-2.01201 0.289065 
-2 0.218173 
-1.98799 0.148048 
-1.97598 0.078692 
-1.96396 0.0101095 
-1.95195 -0.0576963 
-1.93994 -0.124722 
-1.92793 -0.190964 
-1.91592 -0.25642 
-1.9039 -0.321086 
-1.89189 -0.38496 
-1.87988 -0.448039 
-1.86787 -0.510319 
-1.85586 -0.571799 
-1.84384 -0.632477 
-1.83183 -0.692348 
-1.81982 -0.751413 
-1.80781 -0.809668 
-1.7958 -0.867111 
-1.78378 -0.923741 
-1.77177 -0.979556 
-1.75976 -1.03455 
-1.74775 -1.08873 
-1.73574 -1.14209 
-1.72372 -1.19463 
-1.71171 -1.24635 
-1.6997 -1.29724 
-1.68769 -1.34731 
-1.67568 -1.39655 
-1.66366 -1.44497 
-1.65165 -1.49256 
-1.63964 -1.53933 
-1.62763 -1.58526 
-1.61562 -1.63037 
-1.6036 -1.67465 
-1.59159 -1.71811 
-1.57958 -1.76073 
-1.56757 -1.80253 
-1.55556 -1.8435 
-1.54354 -1.88364 
-1.53153 -1.92295 
-1.51952 -1.96144 
-1.50751 -1.9991 
-1.4955 -2.03594 
-1.48348 -2.07195 
-1.47147 -2.10714 
-1.45946 -2.14151 
-1.44745 -2.17505 
-1.43544 -2.20778 
-1.42342 -2.23968 
-1.41141 -2.27077 
-1.3994 -2.30105 
-1.38739 -2.33051 
-1.37538 -2.35916 
-1.36336 -2.38699 
-1.35135 -2.41402 
-1.33934 -2.44024 
-1.32733 -2.46566 
-1.31532 -2.49028 
-1.3033 -2.51409 
-1.29129 -2.53711 
-1.27928 -2.55933 
-1.26727 -2.58076 
-1.25526 -2.6014 
-1.24324 -2.62125 
-1.23123 -2.64032 
-1.21922 -2.65861 
-1.20721 -2.67612 
-1.1952 -2.69285 
-1.18318 -2.70881 
-1.17117 -2.724 
-1.15916 -2.73843 
-1.14715 -2.75209 
-1.13514 -2.765 
-1.12312 -2.77715 
-1.11111 -2.78854 
-1.0991 -2.79919 
-1.08709 -2.8091 
-1.07508 -2.81827 
-1.06306 -2.8267 
-1.05105 -2.83439 
-1.03904 -2.84136 
-1.02703 -2.84761 
-1.01502 -2.85313 
-1.003 -2.85794 
-0.990991 -2.86204 
-0.978979 -2.86543 
-0.966967 -2.86813 
-0.954955 -2.87012 
-0.942943 -2.87142 
-0.930931 -2.87203 
-0.918919 -2.87196 
-0.906907 -2.87121 
-0.894895 -2.86979 
-0.882883 -2.8677 
-0.870871 -2.86495 
-0.858859 -2.86154 
-0.846847 -2.85747 
-0.834835 -2.85276 
-0.822823 -2.84741 
-0.810811 -2.84141 
-0.798799 -2.83479 
-0.786787 -2.82754 
-0.774775 -2.81967 
-0.762763 -2.81119 
-0.750751 -2.80209 
-0.738739 -2.79239 
-0.726727 -2.7821 
-0.714715 -2.77121 
-0.702703 -2.75973 
-0.690691 -2.74768 
-0.678679 -2.73505 
-0.666667 -2.72185 
-0.654655 -2.70808 
-0.642643 -2.69377 
-0.630631 -2.6789 
-0.618619 -2.66348 
-0.606607 -2.64753 
-0.594595 -2.63105 
-0.582583 -2.61404 
-0.570571 -2.59651 
-0.558559 -2.57847 
-0.546547 -2.55993 
-0.534535 -2.54088 
-0.522523 -2.52134 
-0.510511 -2.50131 
-0.498498 -2.4808 
-0.486486 -2.45982 
-0.474474 -2.43836 
-0.462462 -2.41645 
-0.45045 -2.39409 
-0.438438 -2.37127 
-0.426426 -2.34802 
-0.414414 -2.32433 
-0.402402 -2.30022 
-0.39039 -2.27568 
-0.378378 -2.25073 
-0.366366 -2.22537 
-0.354354 -2.19961 
-0.342342 -2.17346 
-0.33033 -2.14693 
-0.318318 -2.12001 
-0.306306 -2.09272 
-0.294294 -2.06507 
-0.282282 -2.03705 
-0.27027 -2.00869 
-0.258258 -1.97998 
-0.246246 -1.95093 
-0.234234 -1.92155 
-0.222222 -1.89185 
-0.21021 -1.86183 
-0.198198 -1.8315 
-0.186186 -1.80087 
-0.174174 -1.76995 
-0.162162 -1.73873 
-0.15015 -1.70723 
-0.138138 -1.67546 
-0.126126 -1.64342 
-0.114114 -1.61113 
-0.102102 -1.57857 
-0.0900901 -1.54578 
-0.0780781 -1.51274 
-0.0660661 -1.47947 
-0.0540541 -1.44598 
-0.042042 -1.41227 
-0.03003 -1.37834 
-0.018018 -1.34422 
-0.00600601 -1.30989 
0.00600601 -1.27538 
0.018018 -1.24069 
0.03003 -1.20582 
0.042042 -1.17078 
0.0540541 -1.13557 
0.0660661 -1.10022 
0.0780781 -1.06471 
0.0900901 -1.02907 
0.102102 -0.993291 
0.114114 -0.957386 
0.126126 -0.92136 
0.138138 -0.885222 
0.15015 -0.848977 
0.162162 -0.812632 
0.174174 -0.776196 
0.186186 -0.739673 
0.198198 -0.703071 
0.21021 -0.666397 
0.222222 -0.629658 
0.234234 -0.592859 
0.246246 -0.556009 
0.258258 -0.519113 
0.27027 -0.482178 
0.282282 -0.445211 
0.294294 -0.408218 
0.306306 -0.371206 
0.318318 -0.334182 
0.33033 -0.297151 
0.342342 -0.26012 
0.354354 -0.223096 
0.366366 -0.186085 
0.378378 -0.149094 
0.39039 -0.112128 
0.402402 -0.0751939 
0.414414 -0.038298 
0.426426 -0.00144647 
0.438438 0.0353546 
0.45045 0.0720992 
0.462462 0.108781 
0.474474 0.145394 
0.486486 0.181933 
0.498498 0.218391 
0.510511 0.254763 
0.522523 0.291042 
0.534535 0.327224 
0.546547 0.363301 
0.558559 0.39927 
0.570571 0.435123 
0.582583 0.470855 
0.594595 0.506461 
0.606607 0.541935 
0.618619 0.577272 
0.630631 0.612466 
0.642643 0.647513 
0.654655 0.682406 
0.666667 0.71714 
0.678679 0.751711 
0.690691 0.786113 
0.702703 0.820342 
0.714715 0.854391 
0.726727 0.888257 
0.738739 0.921934 
0.750751 0.955418 
0.762763 0.988703 
0.774775 1.02179 
0.786787 1.05466 
0.798799 1.08732 
0.810811 1.11977 
0.822823 1.15199 
0.834835 1.18399 
0.846847 1.21576 
0.858859 1.2473 
0.870871 1.27859 
0.882883 1.30965 
0.894895 1.34046 
0.906907 1.37101 
0.918919 1.40132 
0.930931 1.43136 
0.942943 1.46114 
0.954955 1.49066 
0.966967 1.51991 
0.978979 1.54888 
0.990991 1.57758 
1.003 1.606 
1.01502 1.63413 
1.02703 1.66198 
1.03904 1.68954 
1.05105 1.7168 
1.06306 1.74377 
1.07508 1.77044 
1.08709 1.79681 
1.0991 1.82287 
1.11111 1.84863 
1.12312 1.87407 
1.13514 1.89921 
1.14715 1.92403 
1.15916 1.94853 
1.17117 1.97271 
1.18318 1.99656 
1.1952 2.0201 
1.20721 2.0433 
1.21922 2.06618 
1.23123 2.08873 
1.24324 2.11094 
1.25526 2.13282 
1.26727 2.15437 
1.27928 2.17558 
1.29129 2.19644 
1.3033 2.21697 
1.31532 2.23715 
1.32733 2.257 
1.33934 2.27649 
1.35135 2.29564 
1.36336 2.31445 
1.37538 2.3329 
1.38739 2.35101 
1.3994 2.36877 
1.41141 2.38617 
1.42342 2.40323 
1.43544 2.41993 
1.44745 2.43629 
1.45946 2.45229 
1.47147 2.46794 
1.48348 2.48323 
1.4955 2.49818 
1.50751 2.51277 
1.51952 2.527 
1.53153 2.54089 
1.54354 2.55442 
1.55556 2.5676 
1.56757 2.58043 
1.57958 2.59291 
1.59159 2.60503 
1.6036 2.61681 
1.61562 2.62824 
1.62763 2.63932 
1.63964 2.65005 
1.65165 2.66043 
1.66366 2.67047 
1.67568 2.68017 
1.68769 2.68952 
1.6997 2.69854 
1.71171 2.70721 
1.72372 2.71554 
1.73574 2.72354 
1.74775 2.7312 
1.75976 2.73853 
1.77177 2.74552 
1.78378 2.75219 
1.7958 2.75853 
1.80781 2.76455 
1.81982 2.77024 
1.83183 2.77561 
1.84384 2.78066 
1.85586 2.7854 
1.86787 2.78982 
1.87988 2.79394 
1.89189 2.79774 
1.9039 2.80124 
1.91592 2.80444 
1.92793 2.80734 
1.93994 2.80995 
1.95195 2.81226 
1.96396 2.81428 
1.97598 2.81602 
1.98799 2.81747 
2 2.81865 
2.01201 2.81955 
2.02402 2.82017 
2.03604 2.82053 
2.04805 2.82063 
2.06006 2.82046 
2.07207 2.82004 
2.08408 2.81937 
2.0961 2.81845 
2.10811 2.81728 
2.12012 2.81587 
2.13213 2.81423 
2.14414 2.81236 
2.15616 2.81027 
2.16817 2.80795 
2.18018 2.80542 
2.19219 2.80267 
2.2042 2.79972 
2.21622 2.79656 
2.22823 2.79321 
2.24024 2.78966 
2.25225 2.78593 
2.26426 2.78202 
2.27628 2.77793 
2.28829 2.77367 
2.3003 2.76925 
2.31231 2.76466 
2.32432 2.75992 
2.33634 2.75504 
2.34835 2.75001 
2.36036 2.74484 
2.37237 2.73954 
2.38438 2.73412 
2.3964 2.72858 
2.40841 2.72293 
2.42042 2.71717 
2.43243 2.7113 
2.44444 2.70535 
2.45646 2.69931 
2.46847 2.69318 
2.48048 2.68698 
2.49249 2.68071 
2.5045 2.67438 
2.51652 2.668 
2.52853 2.66156 
2.54054 2.65509 
2.55255 2.64858 
2.56456 2.64204 
2.57658 2.63548 
2.58859 2.62891 
2.6006 2.62233 
2.61261 2.61575 
2.62462 2.60918 
2.63664 2.60262 
2.64865 2.59608 
2.66066 2.58958 
2.67267 2.58311 
2.68468 2.57668 
2.6967 2.57031 
2.70871 2.564 
2.72072 2.55775 
2.73273 2.55157 
2.74474 2.54548 
2.75676 2.53948 
2.76877 2.53358 
2.78078 2.52778 
2.79279 2.52209 
2.8048 2.51653 
2.81682 2.51109 
2.82883 2.50579 
2.84084 2.50064 
2.85285 2.49564 
2.86486 2.4908 
2.87688 2.48613 
2.88889 2.48164 
2.9009 2.47733 
2.91291 2.47321 
2.92492 2.4693 
2.93694 2.4656 
2.94895 2.46212 
2.96096 2.45886 
2.97297 2.45584 
2.98498 2.45306 
2.997 2.45053 
3.00901 2.44827 
3.02102 2.44627 
3.03303 2.44455 
3.04505 2.44312 
3.05706 2.44198 
3.06907 2.44114 
3.08108 2.44062 
3.09309 2.44041 
3.10511 2.44054 
3.11712 2.441 
3.12913 2.44181 
3.14114 2.44297 
3.15315 2.44449 
3.16517 2.44639 
3.17718 2.44867 
3.18919 2.45134 
3.2012 2.4544 
3.21321 2.45787 
3.22523 2.46176 
3.23724 2.46607 
3.24925 2.47082 
3.26126 2.476 
3.27327 2.48164 
3.28529 2.48774 
3.2973 2.4943 
3.30931 2.50134 
3.32132 2.50886 
3.33333 2.51688 
3.34535 2.52541 
3.35736 2.53444 
3.36937 2.54399 
3.38138 2.55408 
3.39339 2.5647 
3.40541 2.57586 
3.41742 2.58758 
3.42943 2.59987 
3.44144 2.61273 
3.45345 2.62617 
3.46547 2.6402 
3.47748 2.65482 
3.48949 2.67006 
3.5015 2.68591 
3.51351 2.70238 
3.52553 2.71949 
3.53754 2.73724 
3.54955 2.75564 
3.56156 2.77469 
3.57357 2.79442 
3.58559 2.81482 
3.5976 2.8359 
3.60961 2.85767 
3.62162 2.88015 
3.63363 2.90334 
3.64565 2.92724 
3.65766 2.95187 
3.66967 2.97723 
3.68168 3.00334 
3.69369 3.0302 
3.70571 3.05781 
3.71772 3.08619 
3.72973 3.11535 
3.74174 3.1453 
3.75375 3.17603 
3.76577 3.20756 
3.77778 3.23991 
3.78979 3.27306 
3.8018 3.30705 
3.81381 3.34186 
3.82583 3.37751 
3.83784 3.41401 
3.84985 3.45137 
3.86186 3.48959 
3.87387 3.52868 
3.88589 3.56865 
3.8979 3.60951 
3.90991 3.65126 
3.92192 3.69392 
3.93393 3.73748 
3.94595 3.78196 
3.95796 3.82737 
3.96997 3.87371 
3.98198 3.92099 
3.99399 3.96921 
4.00601 4.01839 
4.01802 4.06854 
4.03003 4.11965 
4.04204 4.17174 
4.05405 4.22481 
4.06607 4.27887 
4.07808 4.33393 
4.09009 4.39 
4.1021 4.44708 
4.11411 4.50518 
4.12613 4.5643 
4.13814 4.62446 
4.15015 4.68566 
4.16216 4.74791 
4.17417 4.81121 
4.18619 4.87557 
4.1982 4.941 
4.21021 5.00751 
4.22222 5.07509 
4.23423 5.14377 
4.24625 5.21354 
4.25826 5.28441 
4.27027 5.35639 
4.28228 5.42948 
4.29429 5.50369 
4.30631 5.57904 
4.31832 5.65551 
4.33033 5.73313 
4.34234 5.81189 
4.35435 5.89181 
4.36637 5.97289 
4.37838 6.05513 
4.39039 6.13855 
4.4024 6.22314 
4.41441 6.30892 
4.42643 6.39589 
4.43844 6.48406 
4.45045 6.57343 
4.46246 6.66401 
4.47447 6.75581 
4.48649 6.84883 
4.4985 6.94308 
4.51051 7.03856 
4.52252 7.13529 
4.53453 7.23326 
4.54655 7.33249 
4.55856 7.43297 
4.57057 7.53472 
4.58258 7.63775 
4.59459 7.74205 
4.60661 7.84763 
4.61862 7.95451 
4.63063 8.06268 
4.64264 8.17215 
4.65465 8.28294 
4.66667 8.39504 
4.67868 8.50846 
4.69069 8.6232 
4.7027 8.73929 
4.71471 8.85671 
4.72673 8.97548 
4.73874 9.0956 
4.75075 9.21708 
4.76276 9.33993 
4.77477 9.46416 
4.78679 9.58976 
4.7988 9.71674 
4.81081 9.84512 
4.82282 9.9749 
4.83483 10.1061 
4.84685 10.2387 
4.85886 10.3727 
4.87087 10.5082 
4.88288 10.645 
4.89489 10.7834 
4.90691 10.9231 
4.91892 11.0644 
4.93093 11.207 
4.94294 11.3512 
4.95495 11.4969 
4.96697 11.644 
4.97898 11.7926 
4.99099 11.9427 
5.003 12.0944 
5.01502 12.2475 
5.02703 12.4022 
5.03904 12.5584 
5.05105 12.7162 
5.06306 12.8755 
5.07508 13.0364 
5.08709 13.1988 
5.0991 13.3628 
5.11111 13.5285 
5.12312 13.6957 
5.13514 13.8645 
5.14715 14.0349 
5.15916 14.207 
5.17117 14.3807 
5.18318 14.5561 
5.1952 14.7331 
5.20721 14.9118 
5.21922 15.0922 
5.23123 15.2743 
5.24324 15.4581 
5.25526 15.6436 
5.26727 15.8308 
5.27928 16.0198 
5.29129 16.2105 
5.3033 16.403 
5.31532 16.5973 
5.32733 16.7934 
5.33934 16.9913 
5.35135 17.191 
5.36336 17.3926 
5.37538 17.596 
5.38739 17.8013 
5.3994 18.0084 
5.41141 18.2175 
5.42342 18.4285 
5.43544 18.6414 
5.44745 18.8563 
5.45946 19.0731 
5.47147 19.2919 
5.48348 19.5128 
5.4955 19.7356 
5.50751 19.9605 
5.51952 20.1875 
5.53153 20.4165 
5.54354 20.6476 
5.55556 20.8809 
5.56757 21.1163 
5.57958 21.3539 
5.59159 21.5937 
5.6036 21.8356 
5.61562 22.0798 
5.62763 22.3263 
5.63964 22.5751 
5.65165 22.8261 
5.66366 23.0795 
5.67568 23.3353 
5.68769 23.5934 
5.6997 23.854 
5.71171 24.117 
5.72372 24.3825 
5.73574 24.6505 
5.74775 24.921 
5.75976 25.1941 
5.77177 25.4698 
5.78378 25.7481 
5.7958 26.029 
5.80781 26.3127 
5.81982 26.5991 
5.83183 26.8882 
5.84384 27.1802 
5.85586 27.475 
5.86787 27.7726 
5.87988 28.0732 
5.89189 28.3768 
5.9039 28.6833 
5.91592 28.9928 
5.92793 29.3055 
5.93994 29.6212 
5.95195 29.9402 
5.96396 30.2623 
5.97598 30.5877 
5.98799 30.9163 
6 31.2484 
