1000 2
-6 19.7558 
-5.98799 19.6464 
-5.97598 19.5439 
-5.96396 19.4478 
-5.95195 19.358 
-5.93994 19.2743 
-5.92793 19.1963 
-5.91592 19.124 
-5.9039 19.057 
-5.89189 18.9952 
-5.87988 18.9383 
-5.86787 18.8861 
-5.85586 18.8385 
-5.84384 18.7952 
-5.83183 18.7561 
-5.81982 18.721 
-5.80781 18.6896 
-5.7958 18.6619 
-5.78378 18.6376 
-5.77177 18.6166 
-5.75976 18.5987 
-5.74775 18.5838 
-5.73574 18.5716 
-5.72372 18.5622 
-5.71171 18.5552 
-5.6997 18.5506 
-5.68769 18.5482 
-5.67568 18.5479 
-5.66366 18.5496 
-5.65165 18.5532 
-5.63964 18.5584 
-5.62763 18.5652 
-5.61562 18.5736 
-5.6036 18.5832 
-5.59159 18.5942 
-5.57958 18.6062 
-5.56757 18.6193 
-5.55556 18.6334 
-5.54354 18.6483 
-5.53153 18.664 
-5.51952 18.6803 
-5.50751 18.6972 
-5.4955 18.7145 
-5.48348 18.7323 
-5.47147 18.7504 
-5.45946 18.7687 
-5.44745 18.7872 
-5.43544 18.8058 
-5.42342 18.8244 
-5.41141 18.843 
-5.3994 18.8614 
-5.38739 18.8797 
-5.37538 18.8978 
-5.36336 18.9155 
-5.35135 18.9329 
-5.33934 18.9499 
-5.32733 18.9665 
-5.31532 18.9825 
-5.3033 18.998 
-5.29129 19.0129 
-5.27928 19.0271 
-5.26727 19.0407 
-5.25526 19.0535 
-5.24324 19.0655 
-5.23123 19.0768 
-5.21922 19.0872 
-5.20721 19.0967 
-5.1952 19.1053 
-5.18318 19.113 
-5.17117 19.1197 
-5.15916 19.1254 
-5.14715 19.1301 
-5.13514 19.1337 
-5.12312 19.1363 
-5.11111 19.1378 
-5.0991 19.1381 
-5.08709 19.1374 
-5.07508 19.1354 
-5.06306 19.1324 
-5.05105 19.1281 
-5.03904 19.1226 
-5.02703 19.116 
-5.01502 19.1081 
-5.003 19.099 
-4.99099 19.0886 
-4.97898 19.077 
-4.96697 19.0641 
-4.95495 19.0499 
-4.94294 19.0345 
-4.93093 19.0178 
-4.91892 18.9998 
-4.90691 18.9806 
-4.89489 18.96 
-4.88288 18.9382 
-4.87087 18.915 
-4.85886 18.8906 
-4.84685 18.8649 
-4.83483 18.8379 
-4.82282 18.8096 
-4.81081 18.78 
-4.7988 18.7492 
-4.78679 18.7171 
-4.77477 18.6837 
-4.76276 18.649 
-4.75075 18.6131 
-4.73874 18.5759 
-4.72673 18.5375 
-4.71471 18.4979 
-4.7027 18.457 
-4.69069 18.415 
-4.67868 18.3717 
-4.66667 18.3272 
-4.65465 18.2815 
-4.64264 18.2346 
-4.63063 18.1866 
-4.61862 18.1374 
-4.60661 18.0871 
-4.59459 18.0356 
-4.58258 17.9831 
-4.57057 17.9294 
-4.55856 17.8746 
-4.54655 17.8187 
-4.53453 17.7618 
-4.52252 17.7039 
-4.51051 17.6449 
-4.4985 17.5848 
-4.48649 17.5238 
-4.47447 17.4618 
-4.46246 17.3988 
-4.45045 17.3349 
-4.43844 17.27 
-4.42643 17.2042 
-4.41441 17.1374 
-4.4024 17.0698 
-4.39039 17.0013 
-4.37838 16.932 
-4.36637 16.8618 
-4.35435 16.7907 
-4.34234 16.7189 
-4.33033 16.6463 
-4.31832 16.5729 
-4.30631 16.4987 
-4.29429 16.4238 
-4.28228 16.3482 
-4.27027 16.2719 
-4.25826 16.1949 
-4.24625 16.1172 
-4.23423 16.0389 
-4.22222 15.9599 
-4.21021 15.8803 
-4.1982 15.8002 
-4.18619 15.7194 
-4.17417 15.6382 
-4.16216 15.5563 
-4.15015 15.474 
-4.13814 15.3911 
-4.12613 15.3077 
-4.11411 15.2239 
-4.1021 15.1396 
-4.09009 15.0549 
-4.07808 14.9698 
-4.06607 14.8843 
-4.05405 14.7984 
-4.04204 14.7121 
-4.03003 14.6255 
-4.01802 14.5386 
-4.00601 14.4514 
-3.99399 14.3639 
-3.98198 14.2761 
-3.96997 14.188 
-3.95796 14.0997 
-3.94595 14.0112 
-3.93393 13.9225 
-3.92192 13.8336 
-3.90991 13.7445 
-3.8979 13.6553 
-3.88589 13.5659 
-3.87387 13.4765 
-3.86186 13.3869 
-3.84985 13.2972 
-3.83784 13.2074 
-3.82583 13.1176 
-3.81381 13.0278 
-3.8018 12.9379 
-3.78979 12.8481 
-3.77778 12.7582 
-3.76577 12.6684 
-3.75375 12.5786 
-3.74174 12.4888 
-3.72973 12.3992 
-3.71772 12.3096 
-3.70571 12.2201 
-3.69369 12.1307 
-3.68168 12.0414 
-3.66967 11.9523 
-3.65766 11.8634 
-3.64565 11.7746 
-3.63363 11.686 
-3.62162 11.5976 
-3.60961 11.5094 
-3.5976 11.4214 
-3.58559 11.3337 
-3.57357 11.2462 
-3.56156 11.159 
-3.54955 11.0721 
-3.53754 10.9854 
-3.52553 10.8991 
-3.51351 10.813 
-3.5015 10.7273 
-3.48949 10.6419 
-3.47748 10.5569 
-3.46547 10.4722 
-3.45345 10.3879 
-3.44144 10.304 
-3.42943 10.2205 
-3.41742 10.1374 
-3.40541 10.0547 
-3.39339 9.97237 
-3.38138 9.89052 
-3.36937 9.80912 
-3.35736 9.72817 
-3.34535 9.64768 
-3.33333 9.56767 
-3.32132 9.48814 
-3.30931 9.4091 
-3.2973 9.33057 
-3.28529 9.25254 
-3.27327 9.17504 
-3.26126 9.09806 
-3.24925 9.02161 
-3.23724 8.94571 
-3.22523 8.87036 
-3.21321 8.79557 
-3.2012 8.72135 
-3.18919 8.6477 
-3.17718 8.57463 
-3.16517 8.50215 
-3.15315 8.43026 
-3.14114 8.35898 
-3.12913 8.2883 
-3.11712 8.21824 
-3.10511 8.1488 
-3.09309 8.07998 
-3.08108 8.0118 
-3.06907 7.94426 
-3.05706 7.87736 
-3.04505 7.81111 
-3.03303 7.74551 
-3.02102 7.68058 
-3.00901 7.6163 
-2.997 7.5527 
-2.98498 7.48977 
-2.97297 7.42751 
-2.96096 7.36594 
-2.94895 7.30505 
-2.93694 7.24485 
-2.92492 7.18535 
-2.91291 7.12654 
-2.9009 7.06843 
-2.88889 7.01102 
-2.87688 6.95432 
-2.86486 6.89833 
-2.85285 6.84305 
-2.84084 6.78849 
-2.82883 6.73464 
-2.81682 6.68151 
-2.8048 6.6291 
-2.79279 6.57741 
-2.78078 6.52645 
-2.76877 6.47621 
-2.75676 6.4267 
-2.74474 6.37792 
-2.73273 6.32987 
-2.72072 6.28255 
-2.70871 6.23597 
-2.6967 6.19011 
-2.68468 6.145 
-2.67267 6.10061 
-2.66066 6.05696 
-2.64865 6.01404 
-2.63664 5.97186 
-2.62462 5.93042 
-2.61261 5.8897 
-2.6006 5.84972 
-2.58859 5.81048 
-2.57658 5.77197 
-2.56456 5.73419 
-2.55255 5.69714 
-2.54054 5.66083 
-2.52853 5.62524 
-2.51652 5.59038 
-2.5045 5.55625 
-2.49249 5.52284 
-2.48048 5.49016 
-2.46847 5.4582 
-2.45646 5.42696 
-2.44444 5.39644 
-2.43243 5.36664 
-2.42042 5.33755 
-2.40841 5.30917 
-2.3964 5.2815 
-2.38438 5.25454 
-2.37237 5.22828 
-2.36036 5.20273 
-2.34835 5.17787 
-2.33634 5.15371 
-2.32432 5.13024 
-2.31231 5.10747 
-2.3003 5.08538 
-2.28829 5.06397 
-2.27628 5.04324 
-2.26426 5.02319 
-2.25225 5.00381 
-2.24024 4.9851 
-2.22823 4.96706 
-2.21622 4.94967 
-2.2042 4.93295 
-2.19219 4.91688 
-2.18018 4.90145 
-2.16817 4.88667 
-2.15616 4.87253 
-2.14414 4.85903 
-2.13213 4.84616 
-2.12012 4.83391 
-2.10811 4.82229 
-2.0961 4.81129 
-2.08408 4.80089 
-2.07207 4.79111 
-2.06006 4.78193 
-2.04805 4.77334 
-2.03604 4.76535 
-2.02402 4.75794 
-2.01201 4.75112 
-2 4.74487 
-1.98799 4.7392 
-1.97598 4.73409 
-1.96396 4.72954 
-1.95195 4.72554 
-1.93994 4.7221 
-1.92793 4.71919 
-1.91592 4.71683 
-1.9039 4.71499 
-1.89189 4.71368 
-1.87988 4.7129 
-1.86787 4.71262 
-1.85586 4.71285 
-1.84384 4.71358 
-1.83183 4.71481 
-1.81982 4.71653 
-1.80781 4.71873 
-1.7958 4.72141 
-1.78378 4.72455 
-1.77177 4.72816 
-1.75976 4.73223 
-1.74775 4.73675 
-1.73574 4.74171 
-1.72372 4.74711 
-1.71171 4.75293 
-1.6997 4.75919 
-1.68769 4.76586 
-1.67568 4.77294 
-1.66366 4.78043 
-1.65165 4.78831 
-1.63964 4.79658 
-1.62763 4.80524 
-1.61562 4.81427 
-1.6036 4.82367 
-1.59159 4.83344 
-1.57958 4.84356 
-1.56757 4.85403 
-1.55556 4.86484 
-1.54354 4.87599 
-1.53153 4.88746 
-1.51952 4.89925 
-1.50751 4.91136 
-1.4955 4.92377 
-1.48348 4.93648 
-1.47147 4.94949 
-1.45946 4.96278 
-1.44745 4.97634 
-1.43544 4.99018 
-1.42342 5.00428 
-1.41141 5.01863 
-1.3994 5.03324 
-1.38739 5.04808 
-1.37538 5.06316 
-1.36336 5.07847 
-1.35135 5.09399 
-1.33934 5.10973 
-1.32733 5.12567 
-1.31532 5.14181 
-1.3033 5.15814 
-1.29129 5.17466 
-1.27928 5.19135 
-1.26727 5.2082 
-1.25526 5.22522 
-1.24324 5.2424 
-1.23123 5.25972 
-1.21922 5.27718 
-1.20721 5.29477 
-1.1952 5.31249 
-1.18318 5.33033 
-1.17117 5.34827 
-1.15916 5.36632 
-1.14715 5.38447 
-1.13514 5.40271 
-1.12312 5.42102 
-1.11111 5.43942 
-1.0991 5.45788 
-1.08709 5.4764 
-1.07508 5.49497 
-1.06306 5.51359 
-1.05105 5.53225 
-1.03904 5.55094 
-1.02703 5.56966 
-1.01502 5.5884 
-1.003 5.60715 
-0.990991 5.6259 
-0.978979 5.64465 
-0.966967 5.66339 
-0.954955 5.68211 
-0.942943 5.70081 
-0.930931 5.71948 
-0.918919 5.73812 
-0.906907 5.75671 
-0.894895 5.77525 
-0.882883 5.79373 
-0.870871 5.81215 
-0.858859 5.8305 
-0.846847 5.84877 
-0.834835 5.86697 
-0.822823 5.88507 
-0.810811 5.90307 
-0.798799 5.92097 
-0.786787 5.93876 
-0.774775 5.95644 
-0.762763 5.974 
-0.750751 5.99143 
-0.738739 6.00872 
-0.726727 6.02587 
-0.714715 6.04288 
-0.702703 6.05973 
-0.690691 6.07643 
-0.678679 6.09296 
-0.666667 6.10932 
-0.654655 6.1255 
-0.642643 6.14151 
-0.630631 6.15732 
-0.618619 6.17294 
-0.606607 6.18836 
-0.594595 6.20357 
-0.582583 6.21857 
-0.570571 6.23336 
-0.558559 6.24793 
-0.546547 6.26226 
-0.534535 6.27637 
-0.522523 6.29023 
-0.510511 6.30386 
-0.498498 6.31723 
-0.486486 6.33035 
-0.474474 6.34321 
-0.462462 6.35581 
-0.45045 6.36813 
-0.438438 6.38019 
-0.426426 6.39196 
-0.414414 6.40345 
-0.402402 6.41466 
-0.39039 6.42557 
-0.378378 6.43618 
-0.366366 6.44649 
-0.354354 6.45649 
-0.342342 6.46618 
-0.33033 6.47555 
-0.318318 6.48461 
-0.306306 6.49334 
-0.294294 6.50174 
-0.282282 6.50981 
-0.27027 6.51754 
-0.258258 6.52493 
-0.246246 6.53198 
-0.234234 6.53868 
-0.222222 6.54503 
-0.21021 6.55102 
-0.198198 6.55665 
-0.186186 6.56192 
-0.174174 6.56682 
-0.162162 6.57135 
-0.15015 6.57551 
-0.138138 6.57929 
-0.126126 6.58269 
-0.114114 6.58571 
-0.102102 6.58835 
-0.0900901 6.59059 
-0.0780781 6.59244 
-0.0660661 6.5939 
-0.0540541 6.59496 
-0.042042 6.59562 
-0.03003 6.59587 
-0.018018 6.59572 
-0.00600601 6.59517 
0.00600601 6.5942 
0.018018 6.59282 
0.03003 6.59102 
0.042042 6.58881 
0.0540541 6.58618 
0.0660661 6.58313 
0.0780781 6.57966 
0.0900901 6.57576 
0.102102 6.57143 
0.114114 6.56668 
0.126126 6.56149 
0.138138 6.55588 
0.15015 6.54983 
0.162162 6.54335 
0.174174 6.53643 
0.186186 6.52908 
0.198198 6.52129 
0.21021 6.51306 
0.222222 6.50439 
0.234234 6.49528 
0.246246 6.48573 
0.258258 6.47573 
0.27027 6.4653 
0.282282 6.45442 
0.294294 6.4431 
0.306306 6.43133 
0.318318 6.41912 
0.33033 6.40646 
0.342342 6.39336 
0.354354 6.37982 
0.366366 6.36583 
0.378378 6.35139 
0.39039 6.33652 
0.402402 6.32119 
0.414414 6.30543 
0.426426 6.28922 
0.438438 6.27257 
0.45045 6.25547 
0.462462 6.23794 
0.474474 6.21996 
0.486486 6.20155 
0.498498 6.18269 
0.510511 6.1634 
0.522523 6.14367 
0.534535 6.12351 
0.546547 6.10291 
0.558559 6.08188 
0.570571 6.06042 
0.582583 6.03853 
0.594595 6.01621 
0.606607 5.99347 
0.618619 5.9703 
0.630631 5.9467 
0.642643 5.92269 
0.654655 5.89826 
0.666667 5.87341 
0.678679 5.84815 
0.690691 5.82248 
0.702703 5.79639 
0.714715 5.7699 
0.726727 5.74301 
0.738739 5.71571 
0.750751 5.68801 
0.762763 5.65992 
0.774775 5.63143 
0.786787 5.60255 
0.798799 5.57329 
0.810811 5.54364 
0.822823 5.51361 
0.834835 5.4832 
0.846847 5.45242 
0.858859 5.42126 
0.870871 5.38974 
0.882883 5.35785 
0.894895 5.3256 
0.906907 5.293 
0.918919 5.26004 
0.930931 5.22674 
0.942943 5.19309 
0.954955 5.15909 
0.966967 5.12476 
0.978979 5.0901 
0.990991 5.05511 
1.003 5.0198 
1.01502 4.98416 
1.02703 4.94822 
1.03904 4.91196 
1.05105 4.87539 
1.06306 4.83853 
1.07508 4.80136 
1.08709 4.76391 
1.0991 4.72617 
1.11111 4.68815 
1.12312 4.64985 
1.13514 4.61128 
1.14715 4.57245 
1.15916 4.53335 
1.17117 4.494 
1.18318 4.4544 
1.1952 4.41456 
1.20721 4.37448 
1.21922 4.33416 
1.23123 4.29362 
1.24324 4.25285 
1.25526 4.21187 
1.26727 4.17068 
1.27928 4.12929 
1.29129 4.0877 
1.3033 4.04592 
1.31532 4.00395 
1.32733 3.9618 
1.33934 3.91948 
1.35135 3.877 
1.36336 3.83435 
1.37538 3.79155 
1.38739 3.7486 
1.3994 3.70552 
1.41141 3.66229 
1.42342 3.61895 
1.43544 3.57548 
1.44745 3.5319 
1.45946 3.48821 
1.47147 3.44442 
1.48348 3.40054 
1.4955 3.35657 
1.50751 3.31253 
1.51952 3.26841 
1.53153 3.22423 
1.54354 3.17999 
1.55556 3.13571 
1.56757 3.09138 
1.57958 3.04701 
1.59159 3.00262 
1.6036 2.95821 
1.61562 2.91379 
1.62763 2.86936 
1.63964 2.82493 
1.65165 2.78051 
1.66366 2.73611 
1.67568 2.69174 
1.68769 2.6474 
1.6997 2.6031 
1.71171 2.55885 
1.72372 2.51466 
1.73574 2.47053 
1.74775 2.42648 
1.75976 2.3825 
1.77177 2.33862 
1.78378 2.29483 
1.7958 2.25114 
1.80781 2.20757 
1.81982 2.16412 
1.83183 2.1208 
1.84384 2.07762 
1.85586 2.03458 
1.86787 1.99169 
1.87988 1.94897 
1.89189 1.90642 
1.9039 1.86404 
1.91592 1.82186 
1.92793 1.77987 
1.93994 1.73808 
1.95195 1.6965 
1.96396 1.65515 
1.97598 1.61402 
1.98799 1.57313 
2 1.53248 
2.01201 1.49209 
2.02402 1.45196 
2.03604 1.41211 
2.04805 1.37253 
2.06006 1.33324 
2.07207 1.29424 
2.08408 1.25555 
2.0961 1.21717 
2.10811 1.17912 
2.12012 1.14139 
2.13213 1.104 
2.14414 1.06696 
2.15616 1.03027 
2.16817 0.993952 
2.18018 0.958002 
2.19219 0.922432 
2.2042 0.887251 
2.21622 0.852467 
2.22823 0.818089 
2.24024 0.784125 
2.25225 0.750583 
2.26426 0.717472 
2.27628 0.684801 
2.28829 0.652576 
2.3003 0.620807 
2.31231 0.589502 
2.32432 0.55867 
2.33634 0.528317 
2.34835 0.498454 
2.36036 0.469086 
2.37237 0.440224 
2.38438 0.411875 
2.3964 0.384046 
2.40841 0.356747 
2.42042 0.329985 
2.43243 0.303767 
2.44444 0.278103 
2.45646 0.252999 
2.46847 0.228464 
2.48048 0.204505 
2.49249 0.181131 
2.5045 0.158348 
2.51652 0.136165 
2.52853 0.11459 
2.54054 0.0936285 
2.55255 0.0732897 
2.56456 0.0535807 
2.57658 0.0345088 
2.58859 0.0160814 
2.6006 -0.00169409 
2.61261 -0.0188106 
2.62462 -0.0352608 
2.63664 -0.0510376 
2.64865 -0.0661341 
2.66066 -0.0805431 
2.67267 -0.0942577 
2.68468 -0.107271 
2.6967 -0.119576 
2.70871 -0.131167 
2.72072 -0.142036 
2.73273 -0.152177 
2.74474 -0.161584 
2.75676 -0.17025 
2.76877 -0.178168 
2.78078 -0.185333 
2.79279 -0.191738 
2.8048 -0.197378 
2.81682 -0.202245 
2.82883 -0.206334 
2.84084 -0.20964 
2.85285 -0.212156 
2.86486 -0.213877 
2.87688 -0.214797 
2.88889 -0.214911 
2.9009 -0.214213 
2.91291 -0.212699 
2.92492 -0.210361 
2.93694 -0.207197 
2.94895 -0.2032 
2.96096 -0.198365 
2.97297 -0.192689 
2.98498 -0.186165 
2.997 -0.17879 
3.00901 -0.170559 
3.02102 -0.161468 
3.03303 -0.151512 
3.04505 -0.140686 
3.05706 -0.128988 
3.06907 -0.116413 
3.08108 -0.102956 
3.09309 -0.0886154 
3.10511 -0.0733862 
3.11712 -0.0572652 
3.12913 -0.0402489 
3.14114 -0.0223342 
3.15315 -0.00351783 
3.16517 0.0162033 
3.17718 0.036832 
3.18919 0.0583711 
3.2012 0.0808234 
3.21321 0.104191 
3.22523 0.128477 
3.23724 0.153684 
3.24925 0.179813 
3.26126 0.206866 
3.27327 0.234846 
3.28529 0.263755 
3.2973 0.293593 
3.30931 0.324363 
3.32132 0.356066 
3.33333 0.388703 
3.34535 0.422276 
3.35736 0.456784 
3.36937 0.49223 
3.38138 0.528614 
3.39339 0.565936 
3.40541 0.604197 
3.41742 0.643397 
3.42943 0.683537 
3.44144 0.724617 
3.45345 0.766635 
3.46547 0.809593 
3.47748 0.85349 
3.48949 0.898325 
3.5015 0.944098 
3.51351 0.990807 
3.52553 1.03845 
3.53754 1.08703 
3.54955 1.13655 
3.56156 1.18699 
3.57357 1.23837 
3.58559 1.29068 
3.5976 1.34391 
3.60961 1.39807 
3.62162 1.45316 
3.63363 1.50916 
3.64565 1.56609 
3.65766 1.62393 
3.66967 1.68268 
3.68168 1.74235 
3.69369 1.80292 
3.70571 1.86441 
3.71772 1.92679 
3.72973 1.99007 
3.74174 2.05426 
3.75375 2.11933 
3.76577 2.18529 
3.77778 2.25214 
3.78979 2.31987 
3.8018 2.38847 
3.81381 2.45795 
3.82583 2.5283 
3.83784 2.59952 
3.84985 2.6716 
3.86186 2.74453 
3.87387 2.81831 
3.88589 2.89294 
3.8979 2.96841 
3.90991 3.04472 
3.92192 3.12187 
3.93393 3.19983 
3.94595 3.27862 
3.95796 3.35823 
3.96997 3.43865 
3.98198 3.51987 
3.99399 3.6019 
4.00601 3.68471 
4.01802 3.76832 
4.03003 3.85271 
4.04204 3.93787 
4.05405 4.02381 
4.06607 4.11051 
4.07808 4.19797 
4.09009 4.28619 
4.1021 4.37515 
4.11411 4.46485 
4.12613 4.55529 
4.13814 4.64645 
4.15015 4.73834 
4.16216 4.83094 
4.17417 4.92425 
4.18619 5.01827 
4.1982 5.11298 
4.21021 5.20838 
4.22222 5.30447 
4.23423 5.40124 
4.24625 5.49867 
4.25826 5.59678 
4.27027 5.69554 
4.28228 5.79496 
4.29429 5.89502 
4.30631 5.99573 
4.31832 6.09707 
4.33033 6.19904 
4.34234 6.30163 
4.35435 6.40484 
4.36637 6.50867 
4.37838 6.6131 
4.39039 6.71814 
4.4024 6.82377 
4.41441 6.92999 
4.42643 7.0368 
4.43844 7.14419 
4.45045 7.25216 
4.46246 7.3607 
4.47447 7.46981 
4.48649 7.57948 
4.4985 7.68971 
4.51051 7.8005 
4.52252 7.91185 
4.53453 8.02374 
4.54655 8.13619 
4.55856 8.24917 
4.57057 8.3627 
4.58258 8.47677 
4.59459 8.59138 
4.60661 8.70653 
4.61862 8.82221 
4.63063 8.93843 
4.64264 9.05519 
4.65465 9.17248 
4.66667 9.29031 
4.67868 9.40867 
4.69069 9.52757 
4.7027 9.64701 
4.71471 9.767 
4.72673 9.88753 
4.73874 10.0086 
4.75075 10.1302 
4.76276 10.2524 
4.77477 10.3752 
4.78679 10.4985 
4.7988 10.6224 
4.81081 10.7468 
4.82282 10.8719 
4.83483 10.9975 
4.84685 11.1238 
4.85886 11.2506 
4.87087 11.3781 
4.88288 11.5062 
4.89489 11.635 
4.90691 11.7644 
4.91892 11.8945 
4.93093 12.0253 
4.94294 12.1568 
4.95495 12.289 
4.96697 12.4219 
4.97898 12.5555 
4.99099 12.69 
5.003 12.8252 
5.01502 12.9612 
5.02703 13.0981 
5.03904 13.2358 
5.05105 13.3744 
5.06306 13.5139 
5.07508 13.6543 
5.08709 13.7957 
5.0991 13.938 
5.11111 14.0814 
5.12312 14.2258 
5.13514 14.3713 
5.14715 14.5179 
5.15916 14.6657 
5.17117 14.8146 
5.18318 14.9648 
5.1952 15.1162 
5.20721 15.2689 
5.21922 15.423 
5.23123 15.5784 
5.24324 15.7353 
5.25526 15.8937 
5.26727 16.0536 
5.27928 16.2151 
5.29129 16.3783 
5.3033 16.5431 
5.31532 16.7097 
5.32733 16.8781 
5.33934 17.0483 
5.35135 17.2205 
5.36336 17.3947 
5.37538 17.571 
5.38739 17.7494 
5.3994 17.93 
5.41141 18.1129 
5.42342 18.2981 
5.43544 18.4858 
5.44745 18.676 
5.45946 18.8688 
5.47147 19.0644 
5.48348 19.2626 
5.4955 19.4638 
5.50751 19.6679 
5.51952 19.8751 
5.53153 20.0854 
5.54354 20.2991 
5.55556 20.516 
5.56757 20.7365 
5.57958 20.9606 
5.59159 21.1883 
5.6036 21.4199 
5.61562 21.6555 
5.62763 21.8951 
5.63964 22.1389 
5.65165 22.3871 
5.66366 22.6397 
5.67568 22.897 
5.68769 23.159 
5.6997 23.4259 
5.71171 23.6978 
5.72372 23.975 
5.73574 24.2575 
5.74775 24.5456 
5.75976 24.8393 
5.77177 25.1389 
5.78378 25.4446 
5.7958 25.7565 
5.80781 26.0748 
5.81982 26.3997 
5.83183 26.7314 
5.84384 27.07 
5.85586 27.4159 
5.86787 27.7692 
5.87988 28.1301 
5.89189 28.4988 
5.9039 28.8756 
5.91592 29.2606 
5.92793 29.6542 
5.93994 30.0566 
5.95195 30.4679 
5.96396 30.8886 
5.97598 31.3187 
5.98799 31.7586 
6 32.2086 
