1000 2
-6 21.6666 
-5.98799 21.2444 
-5.97598 20.8524 
-5.96396 20.4893 
-5.95195 20.1538 
-5.93994 19.8448 
-5.92793 19.5611 
-5.91592 19.3015 
-5.9039 19.065 
-5.89189 18.8505 
-5.87988 18.657 
-5.86787 18.4834 
-5.85586 18.3289 
-5.84384 18.1925 
-5.83183 18.0733 
-5.81982 17.9704 
-5.80781 17.883 
-5.7958 17.8103 
-5.78378 17.7514 
-5.77177 17.7058 
-5.75976 17.6725 
-5.74775 17.6509 
-5.73574 17.6403 
-5.72372 17.64 
-5.71171 17.6495 
-5.6997 17.668 
-5.68769 17.6951 
-5.67568 17.73 
-5.66366 17.7723 
-5.65165 17.8214 
-5.63964 17.8768 
-5.62763 17.938 
-5.61562 18.0045 
-5.6036 18.0759 
-5.59159 18.1516 
-5.57958 18.2313 
-5.56757 18.3146 
-5.55556 18.4009 
-5.54354 18.4901 
-5.53153 18.5816 
-5.51952 18.6751 
-5.50751 18.7703 
-5.4955 18.8669 
-5.48348 18.9644 
-5.47147 19.0627 
-5.45946 19.1613 
-5.44745 19.2601 
-5.43544 19.3587 
-5.42342 19.4568 
-5.41141 19.5543 
-5.3994 19.6509 
-5.38739 19.7463 
-5.37538 19.8404 
-5.36336 19.9328 
-5.35135 20.0234 
-5.33934 20.112 
-5.32733 20.1984 
-5.31532 20.2824 
-5.3033 20.3639 
-5.29129 20.4426 
-5.27928 20.5185 
-5.26727 20.5913 
-5.25526 20.6609 
-5.24324 20.7272 
-5.23123 20.79 
-5.21922 20.8492 
-5.20721 20.9047 
-5.1952 20.9564 
-5.18318 21.0042 
-5.17117 21.0479 
-5.15916 21.0874 
-5.14715 21.1227 
-5.13514 21.1537 
-5.12312 21.1803 
-5.11111 21.2024 
-5.0991 21.2199 
-5.08709 21.2327 
-5.07508 21.2409 
-5.06306 21.2442 
-5.05105 21.2428 
-5.03904 21.2364 
-5.02703 21.2251 
-5.01502 21.2088 
-5.003 21.1875 
-4.99099 21.161 
-4.97898 21.1295 
-4.96697 21.0928 
-4.95495 21.0509 
-4.94294 21.0038 
-4.93093 20.9514 
-4.91892 20.8937 
-4.90691 20.8307 
-4.89489 20.7625 
-4.88288 20.6888 
-4.87087 20.6098 
-4.85886 20.5255 
-4.84685 20.4357 
-4.83483 20.3406 
-4.82282 20.2401 
-4.81081 20.1341 
-4.7988 20.0228 
-4.78679 19.906 
-4.77477 19.7839 
-4.76276 19.6563 
-4.75075 19.5233 
-4.73874 19.3849 
-4.72673 19.2411 
-4.71471 19.0919 
-4.7027 18.9373 
-4.69069 18.7773 
-4.67868 18.612 
-4.66667 18.4413 
-4.65465 18.2653 
-4.64264 18.084 
-4.63063 17.8974 
-4.61862 17.7054 
-4.60661 17.5082 
-4.59459 17.3058 
-4.58258 17.0981 
-4.57057 16.8852 
-4.55856 16.6671 
-4.54655 16.4438 
-4.53453 16.2153 
-4.52252 15.9818 
-4.51051 15.7431 
-4.4985 15.4994 
-4.48649 15.2506 
-4.47447 14.9968 
-4.46246 14.738 
-4.45045 14.4742 
-4.43844 14.2054 
-4.42643 13.9318 
-4.41441 13.6533 
-4.4024 13.3699 
-4.39039 13.0817 
-4.37838 12.7886 
-4.36637 12.4909 
-4.35435 12.1883 
-4.34234 11.8811 
-4.33033 11.5692 
-4.31832 11.2527 
-4.30631 10.9316 
-4.29429 10.6058 
-4.28228 10.2756 
-4.27027 9.94083 
-4.25826 9.6016 
-4.24625 9.25793 
-4.23423 8.90985 
-4.22222 8.5574 
-4.21021 8.20062 
-4.1982 7.83954 
-4.18619 7.47419 
-4.17417 7.10461 
-4.16216 6.73084 
-4.15015 6.3529 
-4.13814 5.97085 
-4.12613 5.58471 
-4.11411 5.19451 
-4.1021 4.8003 
-4.09009 4.40212 
-4.07808 3.99999 
-4.06607 3.59395 
-4.05405 3.18405 
-4.04204 2.77032 
-4.03003 2.35279 
-4.01802 1.9315 
-4.00601 1.50649 
-3.99399 1.07779 
-3.98198 0.64545 
-3.96997 0.209498 
-3.95796 -0.230027 
-3.94595 -0.673088 
-3.93393 -1.11965 
-3.92192 -1.56967 
-3.90991 -2.02311 
-3.8979 -2.47995 
-3.88589 -2.94013 
-3.87387 -3.40362 
-3.86186 -3.87039 
-3.84985 -4.3404 
-3.83784 -4.81361 
-3.82583 -5.28998 
-3.81381 -5.76948 
-3.8018 -6.25206 
-3.78979 -6.7377 
-3.77778 -7.22635 
-3.76577 -7.71798 
-3.75375 -8.21255 
-3.74174 -8.71003 
-3.72973 -9.21036 
-3.71772 -9.71353 
-3.70571 -10.2195 
-3.69369 -10.7282 
-3.68168 -11.2396 
-3.66967 -11.7538 
-3.65766 -12.2705 
-3.64565 -12.7899 
-3.63363 -13.3118 
-3.62162 -13.8363 
-3.60961 -14.3633 
-3.5976 -14.8927 
-3.58559 -15.4246 
-3.57357 -15.9588 
-3.56156 -16.4954 
-3.54955 -17.0343 
-3.53754 -17.5755 
-3.52553 -18.119 
-3.51351 -18.6646 
-3.5015 -19.2124 
-3.48949 -19.7624 
-3.47748 -20.3144 
-3.46547 -20.8685 
-3.45345 -21.4247 
-3.44144 -21.9828 
-3.42943 -22.5429 
-3.41742 -23.105 
-3.40541 -23.6689 
-3.39339 -24.2346 
-3.38138 -24.8022 
-3.36937 -25.3716 
-3.35736 -25.9427 
-3.34535 -26.5155 
-3.33333 -27.09 
-3.32132 -27.6661 
-3.30931 -28.2439 
-3.2973 -28.8232 
-3.28529 -29.404 
-3.27327 -29.9864 
-3.26126 -30.5702 
-3.24925 -31.1555 
-3.23724 -31.7421 
-3.22523 -32.3302 
-3.21321 -32.9195 
-3.2012 -33.5102 
-3.18919 -34.1021 
-3.17718 -34.6953 
-3.16517 -35.2896 
-3.15315 -35.8852 
-3.14114 -36.4818 
-3.12913 -37.0796 
-3.11712 -37.6784 
-3.10511 -38.2782 
-3.09309 -38.8791 
-3.08108 -39.4809 
-3.06907 -40.0837 
-3.05706 -40.6873 
-3.04505 -41.2918 
-3.03303 -41.8972 
-3.02102 -42.5034 
-3.00901 -43.1103 
-2.997 -43.718 
-2.98498 -44.3263 
-2.97297 -44.9354 
-2.96096 -45.5451 
-2.94895 -46.1554 
-2.93694 -46.7663 
-2.92492 -47.3777 
-2.91291 -47.9896 
-2.9009 -48.6021 
-2.88889 -49.215 
-2.87688 -49.8283 
-2.86486 -50.442 
-2.85285 -51.056 
-2.84084 -51.6704 
-2.82883 -52.2851 
-2.81682 -52.9 
-2.8048 -53.5152 
-2.79279 -54.1306 
-2.78078 -54.7462 
-2.76877 -55.3619 
-2.75676 -55.9778 
-2.74474 -56.5937 
-2.73273 -57.2097 
-2.72072 -57.8257 
-2.70871 -58.4417 
-2.6967 -59.0577 
-2.68468 -59.6736 
-2.67267 -60.2894 
-2.66066 -60.9051 
-2.64865 -61.5206 
-2.63664 -62.136 
-2.62462 -62.7511 
-2.61261 -63.3661 
-2.6006 -63.9807 
-2.58859 -64.5951 
-2.57658 -65.2091 
-2.56456 -65.8228 
-2.55255 -66.4361 
-2.54054 -67.049 
-2.52853 -67.6614 
-2.51652 -68.2734 
-2.5045 -68.8849 
-2.49249 -69.4959 
-2.48048 -70.1063 
-2.46847 -70.7161 
-2.45646 -71.3254 
-2.44444 -71.934 
-2.43243 -72.5419 
-2.42042 -73.1492 
-2.40841 -73.7558 
-2.3964 -74.3616 
-2.38438 -74.9666 
-2.37237 -75.5709 
-2.36036 -76.1743 
-2.34835 -76.7769 
-2.33634 -77.3786 
-2.32432 -77.9795 
-2.31231 -78.5793 
-2.3003 -79.1783 
-2.28829 -79.7762 
-2.27628 -80.3732 
-2.26426 -80.9691 
-2.25225 -81.564 
-2.24024 -82.1578 
-2.22823 -82.7505 
-2.21622 -83.342 
-2.2042 -83.9324 
-2.19219 -84.5216 
-2.18018 -85.1097 
-2.16817 -85.6964 
-2.15616 -86.282 
-2.14414 -86.8662 
-2.13213 -87.4491 
-2.12012 -88.0307 
-2.10811 -88.611 
-2.0961 -89.1898 
-2.08408 -89.7673 
-2.07207 -90.3433 
-2.06006 -90.9179 
-2.04805 -91.491 
-2.03604 -92.0627 
-2.02402 -92.6327 
-2.01201 -93.2013 
-2 -93.7683 
-1.98799 -94.3337 
-1.97598 -94.8974 
-1.96396 -95.4596 
-1.95195 -96.02 
-1.93994 -96.5788 
-1.92793 -97.1359 
-1.91592 -97.6912 
-1.9039 -98.2448 
-1.89189 -98.7966 
-1.87988 -99.3467 
-1.86787 -99.8949 
-1.85586 -100.441 
-1.84384 -100.986 
-1.83183 -101.528 
-1.81982 -102.069 
-1.80781 -102.608 
-1.7958 -103.145 
-1.78378 -103.68 
-1.77177 -104.212 
-1.75976 -104.743 
-1.74775 -105.272 
-1.73574 -105.799 
-1.72372 -106.324 
-1.71171 -106.846 
-1.6997 -107.367 
-1.68769 -107.885 
-1.67568 -108.401 
-1.66366 -108.915 
-1.65165 -109.427 
-1.63964 -109.937 
-1.62763 -110.444 
-1.61562 -110.949 
-1.6036 -111.452 
-1.59159 -111.952 
-1.57958 -112.451 
-1.56757 -112.947 
-1.55556 -113.44 
-1.54354 -113.931 
-1.53153 -114.42 
-1.51952 -114.906 
-1.50751 -115.39 
-1.4955 -115.872 
-1.48348 -116.351 
-1.47147 -116.827 
-1.45946 -117.301 
-1.44745 -117.773 
-1.43544 -118.242 
-1.42342 -118.708 
-1.41141 -119.172 
-1.3994 -119.633 
-1.38739 -120.092 
-1.37538 -120.548 
-1.36336 -121.001 
-1.35135 -121.452 
-1.33934 -121.9 
-1.32733 -122.345 
-1.31532 -122.788 
-1.3033 -123.227 
-1.29129 -123.665 
-1.27928 -124.099 
-1.26727 -124.531 
-1.25526 -124.959 
-1.24324 -125.385 
-1.23123 -125.808 
-1.21922 -126.229 
-1.20721 -126.646 
-1.1952 -127.061 
-1.18318 -127.472 
-1.17117 -127.881 
-1.15916 -128.287 
-1.14715 -128.69 
-1.13514 -129.09 
-1.12312 -129.487 
-1.11111 -129.881 
-1.0991 -130.272 
-1.08709 -130.66 
-1.07508 -131.045 
-1.06306 -131.427 
-1.05105 -131.806 
-1.03904 -132.181 
-1.02703 -132.554 
-1.01502 -132.924 
-1.003 -133.29 
-0.990991 -133.654 
-0.978979 -134.014 
-0.966967 -134.371 
-0.954955 -134.725 
-0.942943 -135.076 
-0.930931 -135.423 
-0.918919 -135.768 
-0.906907 -136.109 
-0.894895 -136.447 
-0.882883 -136.782 
-0.870871 -137.113 
-0.858859 -137.441 
-0.846847 -137.766 
-0.834835 -138.088 
-0.822823 -138.406 
-0.810811 -138.721 
-0.798799 -139.033 
-0.786787 -139.341 
-0.774775 -139.646 
-0.762763 -139.948 
-0.750751 -140.246 
-0.738739 -140.541 
-0.726727 -140.832 
-0.714715 -141.121 
-0.702703 -141.405 
-0.690691 -141.686 
-0.678679 -141.964 
-0.666667 -142.239 
-0.654655 -142.51 
-0.642643 -142.777 
-0.630631 -143.041 
-0.618619 -143.302 
-0.606607 -143.559 
-0.594595 -143.812 
-0.582583 -144.062 
-0.570571 -144.308 
-0.558559 -144.551 
-0.546547 -144.791 
-0.534535 -145.027 
-0.522523 -145.259 
-0.510511 -145.488 
-0.498498 -145.713 
-0.486486 -145.934 
-0.474474 -146.152 
-0.462462 -146.367 
-0.45045 -146.577 
-0.438438 -146.784 
-0.426426 -146.988 
-0.414414 -147.188 
-0.402402 -147.384 
-0.39039 -147.577 
-0.378378 -147.765 
-0.366366 -147.951 
-0.354354 -148.132 
-0.342342 -148.31 
-0.33033 -148.484 
-0.318318 -148.655 
-0.306306 -148.822 
-0.294294 -148.985 
-0.282282 -149.144 
-0.27027 -149.3 
-0.258258 -149.452 
-0.246246 -149.6 
-0.234234 -149.745 
-0.222222 -149.886 
-0.21021 -150.023 
-0.198198 -150.156 
-0.186186 -150.285 
-0.174174 -150.411 
-0.162162 -150.533 
-0.15015 -150.651 
-0.138138 -150.766 
-0.126126 -150.877 
-0.114114 -150.983 
-0.102102 -151.087 
-0.0900901 -151.186 
-0.0780781 -151.281 
-0.0660661 -151.373 
-0.0540541 -151.461 
-0.042042 -151.545 
-0.03003 -151.625 
-0.018018 -151.702 
-0.00600601 -151.774 
0.00600601 -151.843 
0.018018 -151.908 
0.03003 -151.969 
0.042042 -152.027 
0.0540541 -152.08 
0.0660661 -152.13 
0.0780781 -152.176 
0.0900901 -152.218 
0.102102 -152.256 
0.114114 -152.29 
0.126126 -152.32 
0.138138 -152.347 
0.15015 -152.37 
0.162162 -152.389 
0.174174 -152.404 
0.186186 -152.415 
0.198198 -152.422 
0.21021 -152.426 
0.222222 -152.425 
0.234234 -152.421 
0.246246 -152.413 
0.258258 -152.401 
0.27027 -152.385 
0.282282 -152.365 
0.294294 -152.341 
0.306306 -152.314 
0.318318 -152.283 
0.33033 -152.247 
0.342342 -152.208 
0.354354 -152.166 
0.366366 -152.119 
0.378378 -152.068 
0.39039 -152.014 
0.402402 -151.955 
0.414414 -151.893 
0.426426 -151.827 
0.438438 -151.757 
0.45045 -151.683 
0.462462 -151.606 
0.474474 -151.524 
0.486486 -151.439 
0.498498 -151.35 
0.510511 -151.257 
0.522523 -151.16 
0.534535 -151.059 
0.546547 -150.955 
0.558559 -150.846 
0.570571 -150.734 
0.582583 -150.618 
0.594595 -150.498 
0.606607 -150.375 
0.618619 -150.247 
0.630631 -150.116 
0.642643 -149.981 
0.654655 -149.842 
0.666667 -149.699 
0.678679 -149.553 
0.690691 -149.403 
0.702703 -149.249 
0.714715 -149.091 
0.726727 -148.929 
0.738739 -148.764 
0.750751 -148.595 
0.762763 -148.422 
0.774775 -148.245 
0.786787 -148.064 
0.798799 -147.88 
0.810811 -147.692 
0.822823 -147.501 
0.834835 -147.305 
0.846847 -147.106 
0.858859 -146.903 
0.870871 -146.697 
0.882883 -146.486 
0.894895 -146.273 
0.906907 -146.055 
0.918919 -145.834 
0.930931 -145.609 
0.942943 -145.38 
0.954955 -145.148 
0.966967 -144.912 
0.978979 -144.672 
0.990991 -144.429 
1.003 -144.182 
1.01502 -143.931 
1.02703 -143.677 
1.03904 -143.419 
1.05105 -143.158 
1.06306 -142.893 
1.07508 -142.624 
1.08709 -142.352 
1.0991 -142.077 
1.11111 -141.797 
1.12312 -141.515 
1.13514 -141.228 
1.14715 -140.938 
1.15916 -140.645 
1.17117 -140.348 
1.18318 -140.048 
1.1952 -139.744 
1.20721 -139.437 
1.21922 -139.126 
1.23123 -138.812 
1.24324 -138.494 
1.25526 -138.173 
1.26727 -137.848 
1.27928 -137.52 
1.29129 -137.189 
1.3033 -136.854 
1.31532 -136.516 
1.32733 -136.174 
1.33934 -135.829 
1.35135 -135.481 
1.36336 -135.13 
1.37538 -134.775 
1.38739 -134.417 
1.3994 -134.055 
1.41141 -133.691 
1.42342 -133.323 
1.43544 -132.951 
1.44745 -132.577 
1.45946 -132.199 
1.47147 -131.818 
1.48348 -131.434 
1.4955 -131.047 
1.50751 -130.656 
1.51952 -130.262 
1.53153 -129.866 
1.54354 -129.466 
1.55556 -129.062 
1.56757 -128.656 
1.57958 -128.247 
1.59159 -127.835 
1.6036 -127.419 
1.61562 -127.001 
1.62763 -126.579 
1.63964 -126.155 
1.65165 -125.727 
1.66366 -125.297 
1.67568 -124.863 
1.68769 -124.427 
1.6997 -123.988 
1.71171 -123.545 
1.72372 -123.1 
1.73574 -122.652 
1.74775 -122.201 
1.75976 -121.748 
1.77177 -121.291 
1.78378 -120.832 
1.7958 -120.369 
1.80781 -119.905 
1.81982 -119.437 
1.83183 -118.966 
1.84384 -118.493 
1.85586 -118.017 
1.86787 -117.538 
1.87988 -117.057 
1.89189 -116.573 
1.9039 -116.087 
1.91592 -115.597 
1.92793 -115.106 
1.93994 -114.611 
1.95195 -114.114 
1.96396 -113.615 
1.97598 -113.113 
1.98799 -112.608 
2 -112.101 
2.01201 -111.592 
2.02402 -111.08 
2.03604 -110.566 
2.04805 -110.049 
2.06006 -109.53 
2.07207 -109.008 
2.08408 -108.484 
2.0961 -107.958 
2.10811 -107.43 
2.12012 -106.899 
2.13213 -106.366 
2.14414 -105.831 
2.15616 -105.294 
2.16817 -104.754 
2.18018 -104.212 
2.19219 -103.668 
2.2042 -103.122 
2.21622 -102.574 
2.22823 -102.024 
2.24024 -101.472 
2.25225 -100.917 
2.26426 -100.361 
2.27628 -99.8028 
2.28829 -99.2426 
2.3003 -98.6804 
2.31231 -98.1163 
2.32432 -97.5503 
2.33634 -96.9824 
2.34835 -96.4127 
2.36036 -95.8412 
2.37237 -95.2679 
2.38438 -94.6928 
2.3964 -94.116 
2.40841 -93.5375 
2.42042 -92.9572 
2.43243 -92.3753 
2.44444 -91.7918 
2.45646 -91.2066 
2.46847 -90.6199 
2.48048 -90.0316 
2.49249 -89.4417 
2.5045 -88.8504 
2.51652 -88.2575 
2.52853 -87.6632 
2.54054 -87.0674 
2.55255 -86.4703 
2.56456 -85.8718 
2.57658 -85.2719 
2.58859 -84.6707 
2.6006 -84.0682 
2.61261 -83.4644 
2.62462 -82.8594 
2.63664 -82.2531 
2.64865 -81.6457 
2.66066 -81.0371 
2.67267 -80.4274 
2.68468 -79.8166 
2.6967 -79.2047 
2.70871 -78.5918 
2.72072 -77.9779 
2.73273 -77.363 
2.74474 -76.7471 
2.75676 -76.1303 
2.76877 -75.5126 
2.78078 -74.894 
2.79279 -74.2746 
2.8048 -73.6544 
2.81682 -73.0334 
2.82883 -72.4117 
2.84084 -71.7893 
2.85285 -71.1662 
2.86486 -70.5424 
2.87688 -69.918 
2.88889 -69.293 
2.9009 -68.6674 
2.91291 -68.0414 
2.92492 -67.4148 
2.93694 -66.7878 
2.94895 -66.1603 
2.96096 -65.5324 
2.97297 -64.9042 
2.98498 -64.2756 
2.997 -63.6467 
3.00901 -63.0176 
3.02102 -62.3882 
3.03303 -61.7586 
3.04505 -61.1289 
3.05706 -60.499 
3.06907 -59.869 
3.08108 -59.239 
3.09309 -58.6089 
3.10511 -57.9788 
3.11712 -57.3487 
3.12913 -56.7187 
3.14114 -56.0888 
3.15315 -55.4591 
3.16517 -54.8295 
3.17718 -54.2001 
3.18919 -53.571 
3.2012 -52.9421 
3.21321 -52.3136 
3.22523 -51.6854 
3.23724 -51.0576 
3.24925 -50.4302 
3.26126 -49.8033 
3.27327 -49.1769 
3.28529 -48.551 
3.2973 -47.9256 
3.30931 -47.3009 
3.32132 -46.6768 
3.33333 -46.0534 
3.34535 -45.4307 
3.35736 -44.8087 
3.36937 -44.1876 
3.38138 -43.5672 
3.39339 -42.9478 
3.40541 -42.3292 
3.41742 -41.7116 
3.42943 -41.0949 
3.44144 -40.4793 
3.45345 -39.8647 
3.46547 -39.2512 
3.47748 -38.6389 
3.48949 -38.0277 
3.5015 -37.4178 
3.51351 -36.8091 
3.52553 -36.2017 
3.53754 -35.5956 
3.54955 -34.9909 
3.56156 -34.3876 
3.57357 -33.7857 
3.58559 -33.1853 
3.5976 -32.5865 
3.60961 -31.9892 
3.62162 -31.3936 
3.63363 -30.7996 
3.64565 -30.2073 
3.65766 -29.6167 
3.66967 -29.0279 
3.68168 -28.4409 
3.69369 -27.8558 
3.70571 -27.2726 
3.71772 -26.6913 
3.72973 -26.112 
3.74174 -25.5347 
3.75375 -24.9595 
3.76577 -24.3864 
3.77778 -23.8154 
3.78979 -23.2466 
3.8018 -22.6801 
3.81381 -22.1158 
3.82583 -21.5539 
3.83784 -20.9943 
3.84985 -20.4371 
3.86186 -19.8824 
3.87387 -19.3301 
3.88589 -18.7804 
3.8979 -18.2333 
3.90991 -17.6887 
3.92192 -17.1469 
3.93393 -16.6077 
3.94595 -16.0713 
3.95796 -15.5376 
3.96997 -15.0068 
3.98198 -14.4789 
3.99399 -13.9539 
4.00601 -13.4318 
4.01802 -12.9128 
4.03003 -12.3968 
4.04204 -11.8839 
4.05405 -11.3741 
4.06607 -10.8675 
4.07808 -10.3641 
4.09009 -9.86396 
4.1021 -9.36713 
4.11411 -8.87366 
4.12613 -8.38357 
4.13814 -7.89691 
4.15015 -7.41373 
4.16216 -6.93406 
4.17417 -6.45796 
4.18619 -5.98545 
4.1982 -5.51659 
4.21021 -5.05141 
4.22222 -4.58996 
4.23423 -4.13228 
4.24625 -3.6784 
4.25826 -3.22838 
4.27027 -2.78225 
4.28228 -2.34005 
4.29429 -1.90182 
4.30631 -1.4676 
4.31832 -1.03743 
4.33033 -0.611359 
4.34234 -0.189412 
4.35435 0.228366 
4.36637 0.641938 
4.37838 1.05127 
4.39039 1.45631 
4.4024 1.85704 
4.41441 2.25342 
4.42643 2.6454 
4.43844 3.03296 
4.45045 3.41606 
4.46246 3.79466 
4.47447 4.16873 
4.48649 4.53825 
4.4985 4.90317 
4.51051 5.26346 
4.52252 5.61911 
4.53453 5.97006 
4.54655 6.3163 
4.55856 6.6578 
4.57057 6.99453 
4.58258 7.32647 
4.59459 7.65358 
4.60661 7.97585 
4.61862 8.29325 
4.63063 8.60577 
4.64264 8.91337 
4.65465 9.21604 
4.66667 9.51376 
4.67868 9.80652 
4.69069 10.0943 
4.7027 10.3771 
4.71471 10.6548 
4.72673 10.9276 
4.73874 11.1953 
4.75075 11.458 
4.76276 11.7157 
4.77477 11.9683 
4.78679 12.2159 
4.7988 12.4584 
4.81081 12.6959 
4.82282 12.9283 
4.83483 13.1557 
4.84685 13.3781 
4.85886 13.5955 
4.87087 13.8079 
4.88288 14.0153 
4.89489 14.2177 
4.90691 14.4152 
4.91892 14.6078 
4.93093 14.7956 
4.94294 14.9784 
4.95495 15.1565 
4.96697 15.3298 
4.97898 15.4983 
4.99099 15.6622 
5.003 15.8214 
5.01502 15.976 
5.02703 16.1262 
5.03904 16.2718 
5.05105 16.4131 
5.06306 16.55 
5.07508 16.6827 
5.08709 16.8112 
5.0991 16.9356 
5.11111 17.0561 
5.12312 17.1726 
5.13514 17.2854 
5.14715 17.3945 
5.15916 17.5 
5.17117 17.6021 
5.18318 17.7009 
5.1952 17.7965 
5.20721 17.8891 
5.21922 17.9787 
5.23123 18.0657 
5.24324 18.1501 
5.25526 18.232 
5.26727 18.3118 
5.27928 18.3896 
5.29129 18.4655 
5.3033 18.5398 
5.31532 18.6127 
5.32733 18.6845 
5.33934 18.7553 
5.35135 18.8254 
5.36336 18.8951 
5.37538 18.9646 
5.38739 19.0343 
5.3994 19.1044 
5.41141 19.1752 
5.42342 19.2471 
5.43544 19.3204 
5.44745 19.3954 
5.45946 19.4724 
5.47147 19.552 
5.48348 19.6344 
5.4955 19.72 
5.50751 19.8094 
5.51952 19.9028 
5.53153 20.0009 
5.54354 20.104 
5.55556 20.2126 
5.56757 20.3274 
5.57958 20.4487 
5.59159 20.5771 
5.6036 20.7133 
5.61562 20.8578 
5.62763 21.0112 
5.63964 21.1742 
5.65165 21.3474 
5.66366 21.5315 
5.67568 21.7273 
5.68769 21.9354 
5.6997 22.1567 
5.71171 22.3919 
5.72372 22.6419 
5.73574 22.9074 
5.74775 23.1895 
5.75976 23.489 
5.77177 23.8068 
5.78378 24.1439 
5.7958 24.5014 
5.80781 24.8802 
5.81982 25.2815 
5.83183 25.7065 
5.84384 26.1562 
5.85586 26.6318 
5.86787 27.1347 
5.87988 27.666 
5.89189 28.2272 
5.9039 28.8195 
5.91592 29.4445 
5.92793 30.1036 
5.93994 30.7982 
5.95195 31.53 
5.96396 32.3007 
5.97598 33.1118 
5.98799 33.9651 
6 34.8623 
