1000 2
-6 26.2137 
-5.98799 26.1091 
-5.97598 26.0046 
-5.96396 25.9002 
-5.95195 25.7959 
-5.93994 25.6915 
-5.92793 25.5873 
-5.91592 25.4831 
-5.9039 25.379 
-5.89189 25.2749 
-5.87988 25.1709 
-5.86787 25.067 
-5.85586 24.9632 
-5.84384 24.8594 
-5.83183 24.7556 
-5.81982 24.652 
-5.80781 24.5484 
-5.7958 24.4448 
-5.78378 24.3414 
-5.77177 24.238 
-5.75976 24.1347 
-5.74775 24.0314 
-5.73574 23.9282 
-5.72372 23.8252 
-5.71171 23.7221 
-5.6997 23.6192 
-5.68769 23.5163 
-5.67568 23.4135 
-5.66366 23.3108 
-5.65165 23.2082 
-5.63964 23.1056 
-5.62763 23.0032 
-5.61562 22.9008 
-5.6036 22.7985 
-5.59159 22.6963 
-5.57958 22.5941 
-5.56757 22.4921 
-5.55556 22.3901 
-5.54354 22.2883 
-5.53153 22.1865 
-5.51952 22.0848 
-5.50751 21.9832 
-5.4955 21.8818 
-5.48348 21.7804 
-5.47147 21.6791 
-5.45946 21.5779 
-5.44745 21.4768 
-5.43544 21.3758 
-5.42342 21.2749 
-5.41141 21.1741 
-5.3994 21.0734 
-5.38739 20.9728 
-5.37538 20.8724 
-5.36336 20.772 
-5.35135 20.6718 
-5.33934 20.5716 
-5.32733 20.4716 
-5.31532 20.3717 
-5.3033 20.2719 
-5.29129 20.1722 
-5.27928 20.0727 
-5.26727 19.9733 
-5.25526 19.874 
-5.24324 19.7748 
-5.23123 19.6757 
-5.21922 19.5768 
-5.20721 19.478 
-5.1952 19.3793 
-5.18318 19.2808 
-5.17117 19.1824 
-5.15916 19.0841 
-5.14715 18.986 
-5.13514 18.888 
-5.12312 18.7902 
-5.11111 18.6924 
-5.0991 18.5949 
-5.08709 18.4975 
-5.07508 18.4002 
-5.06306 18.3031 
-5.05105 18.2061 
-5.03904 18.1093 
-5.02703 18.0126 
-5.01502 17.9161 
-5.003 17.8197 
-4.99099 17.7235 
-4.97898 17.6275 
-4.96697 17.5316 
-4.95495 17.4359 
-4.94294 17.3404 
-4.93093 17.245 
-4.91892 17.1498 
-4.90691 17.0547 
-4.89489 16.9599 
-4.88288 16.8652 
-4.87087 16.7707 
-4.85886 16.6763 
-4.84685 16.5822 
-4.83483 16.4882 
-4.82282 16.3944 
-4.81081 16.3008 
-4.7988 16.2074 
-4.78679 16.1141 
-4.77477 16.0211 
-4.76276 15.9283 
-4.75075 15.8356 
-4.73874 15.7431 
-4.72673 15.6509 
-4.71471 15.5588 
-4.7027 15.4669 
-4.69069 15.3753 
-4.67868 15.2838 
-4.66667 15.1926 
-4.65465 15.1015 
-4.64264 15.0107 
-4.63063 14.9201 
-4.61862 14.8297 
-4.60661 14.7395 
-4.59459 14.6495 
-4.58258 14.5598 
-4.57057 14.4702 
-4.55856 14.3809 
-4.54655 14.2918 
-4.53453 14.203 
-4.52252 14.1144 
-4.51051 14.026 
-4.4985 13.9378 
-4.48649 13.8498 
-4.47447 13.7621 
-4.46246 13.6747 
-4.45045 13.5874 
-4.43844 13.5005 
-4.42643 13.4137 
-4.41441 13.3272 
-4.4024 13.2409 
-4.39039 13.1549 
-4.37838 13.0692 
-4.36637 12.9837 
-4.35435 12.8984 
-4.34234 12.8134 
-4.33033 12.7286 
-4.31832 12.6442 
-4.30631 12.5599 
-4.29429 12.4759 
-4.28228 12.3922 
-4.27027 12.3088 
-4.25826 12.2256 
-4.24625 12.1427 
-4.23423 12.06 
-4.22222 11.9776 
-4.21021 11.8955 
-4.1982 11.8137 
-4.18619 11.7321 
-4.17417 11.6509 
-4.16216 11.5699 
-4.15015 11.4891 
-4.13814 11.4087 
-4.12613 11.3285 
-4.11411 11.2486 
-4.1021 11.169 
-4.09009 11.0897 
-4.07808 11.0107 
-4.06607 10.932 
-4.05405 10.8535 
-4.04204 10.7754 
-4.03003 10.6975 
-4.01802 10.62 
-4.00601 10.5427 
-3.99399 10.4658 
-3.98198 10.3891 
-3.96997 10.3127 
-3.95796 10.2367 
-3.94595 10.1609 
-3.93393 10.0855 
-3.92192 10.0103 
-3.90991 9.93549 
-3.8979 9.86096 
-3.88589 9.78674 
-3.87387 9.71283 
-3.86186 9.63923 
-3.84985 9.56595 
-3.83784 9.49298 
-3.82583 9.42032 
-3.81381 9.34799 
-3.8018 9.27597 
-3.78979 9.20427 
-3.77778 9.13289 
-3.76577 9.06183 
-3.75375 8.99109 
-3.74174 8.92068 
-3.72973 8.85059 
-3.71772 8.78082 
-3.70571 8.71139 
-3.69369 8.64228 
-3.68168 8.57349 
-3.66967 8.50504 
-3.65766 8.43692 
-3.64565 8.36912 
-3.63363 8.30166 
-3.62162 8.23454 
-3.60961 8.16774 
-3.5976 8.10128 
-3.58559 8.03515 
-3.57357 7.96936 
-3.56156 7.90391 
-3.54955 7.83879 
-3.53754 7.77402 
-3.52553 7.70958 
-3.51351 7.64548 
-3.5015 7.58172 
-3.48949 7.5183 
-3.47748 7.45522 
-3.46547 7.39248 
-3.45345 7.33009 
-3.44144 7.26804 
-3.42943 7.20633 
-3.41742 7.14497 
-3.40541 7.08395 
-3.39339 7.02327 
-3.38138 6.96294 
-3.36937 6.90296 
-3.35736 6.84332 
-3.34535 6.78403 
-3.33333 6.72509 
-3.32132 6.66649 
-3.30931 6.60825 
-3.2973 6.55034 
-3.28529 6.49279 
-3.27327 6.43559 
-3.26126 6.37873 
-3.24925 6.32223 
-3.23724 6.26607 
-3.22523 6.21026 
-3.21321 6.15481 
-3.2012 6.0997 
-3.18919 6.04494 
-3.17718 5.99053 
-3.16517 5.93647 
-3.15315 5.88276 
-3.14114 5.8294 
-3.12913 5.77639 
-3.11712 5.72373 
-3.10511 5.67142 
-3.09309 5.61946 
-3.08108 5.56785 
-3.06907 5.51659 
-3.05706 5.46568 
-3.04505 5.41512 
-3.03303 5.3649 
-3.02102 5.31504 
-3.00901 5.26552 
-2.997 5.21636 
-2.98498 5.16754 
-2.97297 5.11907 
-2.96096 5.07094 
-2.94895 5.02317 
-2.93694 4.97574 
-2.92492 4.92866 
-2.91291 4.88192 
-2.9009 4.83553 
-2.88889 4.78948 
-2.87688 4.74378 
-2.86486 4.69843 
-2.85285 4.65342 
-2.84084 4.60875 
-2.82883 4.56442 
-2.81682 4.52044 
-2.8048 4.4768 
-2.79279 4.4335 
-2.78078 4.39054 
-2.76877 4.34792 
-2.75676 4.30564 
-2.74474 4.2637 
-2.73273 4.22209 
-2.72072 4.18083 
-2.70871 4.1399 
-2.6967 4.0993 
-2.68468 4.05904 
-2.67267 4.01911 
-2.66066 3.97952 
-2.64865 3.94026 
-2.63664 3.90133 
-2.62462 3.86274 
-2.61261 3.82447 
-2.6006 3.78653 
-2.58859 3.74892 
-2.57658 3.71163 
-2.56456 3.67468 
-2.55255 3.63804 
-2.54054 3.60174 
-2.52853 3.56575 
-2.51652 3.53009 
-2.5045 3.49474 
-2.49249 3.45972 
-2.48048 3.42502 
-2.46847 3.39063 
-2.45646 3.35656 
-2.44444 3.32281 
-2.43243 3.28937 
-2.42042 3.25624 
-2.40841 3.22343 
-2.3964 3.19092 
-2.38438 3.15873 
-2.37237 3.12684 
-2.36036 3.09526 
-2.34835 3.06399 
-2.33634 3.03302 
-2.32432 3.00235 
-2.31231 2.97199 
-2.3003 2.94192 
-2.28829 2.91216 
-2.27628 2.88269 
-2.26426 2.85352 
-2.25225 2.82464 
-2.24024 2.79606 
-2.22823 2.76777 
-2.21622 2.73977 
-2.2042 2.71206 
-2.19219 2.68464 
-2.18018 2.6575 
-2.16817 2.63065 
-2.15616 2.60409 
-2.14414 2.5778 
-2.13213 2.55179 
-2.12012 2.52607 
-2.10811 2.50062 
-2.0961 2.47545 
-2.08408 2.45055 
-2.07207 2.42592 
-2.06006 2.40156 
-2.04805 2.37748 
-2.03604 2.35366 
-2.02402 2.3301 
-2.01201 2.30682 
-2 2.28379 
-1.98799 2.26103 
-1.97598 2.23852 
-1.96396 2.21628 
-1.95195 2.19429 
-1.93994 2.17255 
-1.92793 2.15107 
-1.91592 2.12984 
-1.9039 2.10886 
-1.89189 2.08812 
-1.87988 2.06763 
-1.86787 2.04739 
-1.85586 2.02739 
-1.84384 2.00763 
-1.83183 1.98811 
-1.81982 1.96882 
-1.80781 1.94977 
-1.7958 1.93096 
-1.78378 1.91238 
-1.77177 1.89402 
-1.75976 1.8759 
-1.74775 1.858 
-1.73574 1.84033 
-1.72372 1.82288 
-1.71171 1.80565 
-1.6997 1.78865 
-1.68769 1.77186 
-1.67568 1.75528 
-1.66366 1.73892 
-1.65165 1.72277 
-1.63964 1.70684 
-1.62763 1.69111 
-1.61562 1.67559 
-1.6036 1.66027 
-1.59159 1.64516 
-1.57958 1.63024 
-1.56757 1.61553 
-1.55556 1.60102 
-1.54354 1.5867 
-1.53153 1.57257 
-1.51952 1.55864 
-1.50751 1.5449 
-1.4955 1.53135 
-1.48348 1.51798 
-1.47147 1.5048 
-1.45946 1.4918 
-1.44745 1.47899 
-1.43544 1.46635 
-1.42342 1.45389 
-1.41141 1.44161 
-1.3994 1.4295 
-1.38739 1.41756 
-1.37538 1.4058 
-1.36336 1.3942 
-1.35135 1.38277 
-1.33934 1.37151 
-1.32733 1.36041 
-1.31532 1.34947 
-1.3033 1.33869 
-1.29129 1.32807 
-1.27928 1.31761 
-1.26727 1.3073 
-1.25526 1.29714 
-1.24324 1.28714 
-1.23123 1.27728 
-1.21922 1.26757 
-1.20721 1.25801 
-1.1952 1.24859 
-1.18318 1.23932 
-1.17117 1.23018 
-1.15916 1.22119 
-1.14715 1.21233 
-1.13514 1.20361 
-1.12312 1.19502 
-1.11111 1.18657 
-1.0991 1.17825 
-1.08709 1.17005 
-1.07508 1.16199 
-1.06306 1.15405 
-1.05105 1.14623 
-1.03904 1.13854 
-1.02703 1.13097 
-1.01502 1.12352 
-1.003 1.11618 
-0.990991 1.10897 
-0.978979 1.10186 
-0.966967 1.09487 
-0.954955 1.088 
-0.942943 1.08123 
-0.930931 1.07458 
-0.918919 1.06803 
-0.906907 1.06158 
-0.894895 1.05525 
-0.882883 1.04901 
-0.870871 1.04288 
-0.858859 1.03684 
-0.846847 1.03091 
-0.834835 1.02507 
-0.822823 1.01933 
-0.810811 1.01369 
-0.798799 1.00814 
-0.786787 1.00268 
-0.774775 0.997307 
-0.762763 0.992028 
-0.750751 0.986837 
-0.738739 0.981733 
-0.726727 0.976714 
-0.714715 0.971781 
-0.702703 0.96693 
-0.690691 0.962162 
-0.678679 0.957474 
-0.666667 0.952866 
-0.654655 0.948337 
-0.642643 0.943885 
-0.630631 0.93951 
-0.618619 0.93521 
-0.606607 0.930984 
-0.594595 0.926831 
-0.582583 0.92275 
-0.570571 0.918739 
-0.558559 0.914799 
-0.546547 0.910928 
-0.534535 0.907125 
-0.522523 0.903389 
-0.510511 0.899718 
-0.498498 0.896113 
-0.486486 0.892572 
-0.474474 0.889095 
-0.462462 0.88568 
-0.45045 0.882326 
-0.438438 0.879034 
-0.426426 0.875801 
-0.414414 0.872627 
-0.402402 0.869512 
-0.39039 0.866455 
-0.378378 0.863454 
-0.366366 0.86051 
-0.354354 0.857621 
-0.342342 0.854787 
-0.33033 0.852007 
-0.318318 0.84928 
-0.306306 0.846607 
-0.294294 0.843985 
-0.282282 0.841416 
-0.27027 0.838897 
-0.258258 0.83643 
-0.246246 0.834012 
-0.234234 0.831644 
-0.222222 0.829325 
-0.21021 0.827055 
-0.198198 0.824833 
-0.186186 0.822659 
-0.174174 0.820533 
-0.162162 0.818453 
-0.15015 0.81642 
-0.138138 0.814434 
-0.126126 0.812494 
-0.114114 0.8106 
-0.102102 0.808751 
-0.0900901 0.806948 
-0.0780781 0.805189 
-0.0660661 0.803476 
-0.0540541 0.801807 
-0.042042 0.800183 
-0.03003 0.798603 
-0.018018 0.797068 
-0.00600601 0.795577 
0.00600601 0.79413 
0.018018 0.792727 
0.03003 0.791368 
0.042042 0.790053 
0.0540541 0.788782 
0.0660661 0.787556 
0.0780781 0.786373 
0.0900901 0.785235 
0.102102 0.784141 
0.114114 0.783091 
0.126126 0.782086 
0.138138 0.781126 
0.15015 0.780211 
0.162162 0.77934 
0.174174 0.778516 
0.186186 0.777736 
0.198198 0.777003 
0.21021 0.776316 
0.222222 0.775675 
0.234234 0.775081 
0.246246 0.774534 
0.258258 0.774034 
0.27027 0.773582 
0.282282 0.773179 
0.294294 0.772825 
0.306306 0.772519 
0.318318 0.772263 
0.33033 0.772057 
0.342342 0.771902 
0.354354 0.771798 
0.366366 0.771746 
0.378378 0.771746 
0.39039 0.771799 
0.402402 0.771906 
0.414414 0.772066 
0.426426 0.772282 
0.438438 0.772552 
0.45045 0.772879 
0.462462 0.773263 
0.474474 0.773704 
0.486486 0.774204 
0.498498 0.774762 
0.510511 0.775381 
0.522523 0.77606 
0.534535 0.7768 
0.546547 0.777603 
0.558559 0.778469 
0.570571 0.779399 
0.582583 0.780394 
0.594595 0.781455 
0.606607 0.782582 
0.618619 0.783777 
0.630631 0.785041 
0.642643 0.786375 
0.654655 0.787779 
0.666667 0.789255 
0.678679 0.790803 
0.690691 0.792425 
0.702703 0.794122 
0.714715 0.795895 
0.726727 0.797745 
0.738739 0.799673 
0.750751 0.80168 
0.762763 0.803767 
0.774775 0.805936 
0.786787 0.808188 
0.798799 0.810523 
0.810811 0.812943 
0.822823 0.81545 
0.834835 0.818044 
0.846847 0.820727 
0.858859 0.8235 
0.870871 0.826364 
0.882883 0.829321 
0.894895 0.832371 
0.906907 0.835517 
0.918919 0.838759 
0.930931 0.842099 
0.942943 0.845538 
0.954955 0.849078 
0.966967 0.85272 
0.978979 0.856465 
0.990991 0.860314 
1.003 0.86427 
1.01502 0.868333 
1.02703 0.872506 
1.03904 0.876788 
1.05105 0.881183 
1.06306 0.885691 
1.07508 0.890313 
1.08709 0.895052 
1.0991 0.899909 
1.11111 0.904885 
1.12312 0.909982 
1.13514 0.915201 
1.14715 0.920544 
1.15916 0.926012 
1.17117 0.931608 
1.18318 0.937332 
1.1952 0.943185 
1.20721 0.949171 
1.21922 0.95529 
1.23123 0.961543 
1.24324 0.967933 
1.25526 0.974461 
1.26727 0.981129 
1.27928 0.987937 
1.29129 0.994889 
1.3033 1.00198 
1.31532 1.00923 
1.32733 1.01662 
1.33934 1.02416 
1.35135 1.03185 
1.36336 1.03969 
1.37538 1.04769 
1.38739 1.05584 
1.3994 1.06415 
1.41141 1.07262 
1.42342 1.08125 
1.43544 1.09004 
1.44745 1.099 
1.45946 1.10812 
1.47147 1.11742 
1.48348 1.12688 
1.4955 1.13651 
1.50751 1.14631 
1.51952 1.15629 
1.53153 1.16645 
1.54354 1.17678 
1.55556 1.18729 
1.56757 1.19798 
1.57958 1.20886 
1.59159 1.21992 
1.6036 1.23116 
1.61562 1.2426 
1.62763 1.25422 
1.63964 1.26603 
1.65165 1.27804 
1.66366 1.29024 
1.67568 1.30264 
1.68769 1.31524 
1.6997 1.32803 
1.71171 1.34103 
1.72372 1.35423 
1.73574 1.36763 
1.74775 1.38124 
1.75976 1.39506 
1.77177 1.40908 
1.78378 1.42332 
1.7958 1.43777 
1.80781 1.45243 
1.81982 1.46731 
1.83183 1.48241 
1.84384 1.49773 
1.85586 1.51327 
1.86787 1.52903 
1.87988 1.54501 
1.89189 1.56122 
1.9039 1.57766 
1.91592 1.59432 
1.92793 1.61122 
1.93994 1.62834 
1.95195 1.6457 
1.96396 1.6633 
1.97598 1.68113 
1.98799 1.6992 
2 1.71751 
2.01201 1.73606 
2.02402 1.75485 
2.03604 1.77388 
2.04805 1.79316 
2.06006 1.81269 
2.07207 1.83247 
2.08408 1.85249 
2.0961 1.87277 
2.10811 1.8933 
2.12012 1.91408 
2.13213 1.93511 
2.14414 1.95641 
2.15616 1.97796 
2.16817 1.99977 
2.18018 2.02184 
2.19219 2.04418 
2.2042 2.06677 
2.21622 2.08964 
2.22823 2.11276 
2.24024 2.13616 
2.25225 2.15982 
2.26426 2.18375 
2.27628 2.20796 
2.28829 2.23243 
2.3003 2.25718 
2.31231 2.2822 
2.32432 2.3075 
2.33634 2.33308 
2.34835 2.35893 
2.36036 2.38506 
2.37237 2.41147 
2.38438 2.43817 
2.3964 2.46514 
2.40841 2.4924 
2.42042 2.51994 
2.43243 2.54777 
2.44444 2.57589 
2.45646 2.60429 
2.46847 2.63298 
2.48048 2.66196 
2.49249 2.69123 
2.5045 2.72079 
2.51652 2.75064 
2.52853 2.78079 
2.54054 2.81123 
2.55255 2.84196 
2.56456 2.87299 
2.57658 2.90432 
2.58859 2.93594 
2.6006 2.96786 
2.61261 3.00008 
2.62462 3.0326 
2.63664 3.06541 
2.64865 3.09853 
2.66066 3.13195 
2.67267 3.16567 
2.68468 3.1997 
2.6967 3.23402 
2.70871 3.26865 
2.72072 3.30359 
2.73273 3.33883 
2.74474 3.37437 
2.75676 3.41022 
2.76877 3.44638 
2.78078 3.48285 
2.79279 3.51962 
2.8048 3.5567 
2.81682 3.59408 
2.82883 3.63178 
2.84084 3.66978 
2.85285 3.70809 
2.86486 3.74672 
2.87688 3.78565 
2.88889 3.82489 
2.9009 3.86444 
2.91291 3.9043 
2.92492 3.94448 
2.93694 3.98496 
2.94895 4.02575 
2.96096 4.06686 
2.97297 4.10827 
2.98498 4.15 
2.997 4.19204 
3.00901 4.23439 
3.02102 4.27705 
3.03303 4.32002 
3.04505 4.36331 
3.05706 4.4069 
3.06907 4.45081 
3.08108 4.49502 
3.09309 4.53955 
3.10511 4.58439 
3.11712 4.62954 
3.12913 4.675 
3.14114 4.72077 
3.15315 4.76684 
3.16517 4.81323 
3.17718 4.85993 
3.18919 4.90694 
3.2012 4.95426 
3.21321 5.00188 
3.22523 5.04981 
3.23724 5.09805 
3.24925 5.1466 
3.26126 5.19545 
3.27327 5.24461 
3.28529 5.29408 
3.2973 5.34385 
3.30931 5.39393 
3.32132 5.44431 
3.33333 5.49499 
3.34535 5.54598 
3.35736 5.59726 
3.36937 5.64885 
3.38138 5.70075 
3.39339 5.75294 
3.40541 5.80543 
3.41742 5.85822 
3.42943 5.91131 
3.44144 5.96469 
3.45345 6.01837 
3.46547 6.07235 
3.47748 6.12662 
3.48949 6.18119 
3.5015 6.23605 
3.51351 6.2912 
3.52553 6.34664 
3.53754 6.40238 
3.54955 6.4584 
3.56156 6.51471 
3.57357 6.57131 
3.58559 6.62819 
3.5976 6.68536 
3.60961 6.74281 
3.62162 6.80054 
3.63363 6.85856 
3.64565 6.91686 
3.65766 6.97543 
3.66967 7.03429 
3.68168 7.09342 
3.69369 7.15283 
3.70571 7.21251 
3.71772 7.27246 
3.72973 7.33269 
3.74174 7.39319 
3.75375 7.45395 
3.76577 7.51499 
3.77778 7.57629 
3.78979 7.63785 
3.8018 7.69968 
3.81381 7.76177 
3.82583 7.82412 
3.83784 7.88673 
3.84985 7.9496 
3.86186 8.01273 
3.87387 8.07611 
3.88589 8.13974 
3.8979 8.20362 
3.90991 8.26776 
3.92192 8.33214 
3.93393 8.39677 
3.94595 8.46164 
3.95796 8.52676 
3.96997 8.59212 
3.98198 8.65772 
3.99399 8.72356 
4.00601 8.78963 
4.01802 8.85594 
4.03003 8.92248 
4.04204 8.98925 
4.05405 9.05626 
4.06607 9.12349 
4.07808 9.19094 
4.09009 9.25862 
4.1021 9.32653 
4.11411 9.39465 
4.12613 9.46299 
4.13814 9.53155 
4.15015 9.60032 
4.16216 9.66931 
4.17417 9.7385 
4.18619 9.80791 
4.1982 9.87752 
4.21021 9.94734 
4.22222 10.0174 
4.23423 10.0876 
4.24625 10.158 
4.25826 10.2286 
4.27027 10.2994 
4.28228 10.3704 
4.29429 10.4416 
4.30631 10.513 
4.31832 10.5846 
4.33033 10.6563 
4.34234 10.7283 
4.35435 10.8004 
4.36637 10.8727 
4.37838 10.9451 
4.39039 11.0178 
4.4024 11.0906 
4.41441 11.1636 
4.42643 11.2367 
4.43844 11.31 
4.45045 11.3835 
4.46246 11.4572 
4.47447 11.531 
4.48649 11.6049 
4.4985 11.679 
4.51051 11.7533 
4.52252 11.8277 
4.53453 11.9022 
4.54655 11.9769 
4.55856 12.0518 
4.57057 12.1268 
4.58258 12.2019 
4.59459 12.2771 
4.60661 12.3525 
4.61862 12.4281 
4.63063 12.5037 
4.64264 12.5795 
4.65465 12.6554 
4.66667 12.7314 
4.67868 12.8075 
4.69069 12.8838 
4.7027 12.9602 
4.71471 13.0367 
4.72673 13.1133 
4.73874 13.19 
4.75075 13.2668 
4.76276 13.3437 
4.77477 13.4207 
4.78679 13.4978 
4.7988 13.575 
4.81081 13.6523 
4.82282 13.7297 
4.83483 13.8072 
4.84685 13.8848 
4.85886 13.9624 
4.87087 14.0401 
4.88288 14.118 
4.89489 14.1958 
4.90691 14.2738 
4.91892 14.3518 
4.93093 14.43 
4.94294 14.5081 
4.95495 14.5864 
4.96697 14.6647 
4.97898 14.743 
4.99099 14.8215 
5.003 14.8999 
5.01502 14.9785 
5.02703 15.057 
5.03904 15.1357 
5.05105 15.2143 
5.06306 15.2931 
5.07508 15.3718 
5.08709 15.4506 
5.0991 15.5295 
5.11111 15.6083 
5.12312 15.6872 
5.13514 15.7662 
5.14715 15.8451 
5.15916 15.9241 
5.17117 16.0031 
5.18318 16.0822 
5.1952 16.1612 
5.20721 16.2403 
5.21922 16.3194 
5.23123 16.3985 
5.24324 16.4776 
5.25526 16.5567 
5.26727 16.6358 
5.27928 16.7149 
5.29129 16.794 
5.3033 16.8731 
5.31532 16.9522 
5.32733 17.0313 
5.33934 17.1104 
5.35135 17.1895 
5.36336 17.2686 
5.37538 17.3476 
5.38739 17.4267 
5.3994 17.5057 
5.41141 17.5847 
5.42342 17.6637 
5.43544 17.7426 
5.44745 17.8215 
5.45946 17.9004 
5.47147 17.9793 
5.48348 18.0581 
5.4955 18.1369 
5.50751 18.2156 
5.51952 18.2943 
5.53153 18.373 
5.54354 18.4516 
5.55556 18.5302 
5.56757 18.6087 
5.57958 18.6872 
5.59159 18.7656 
5.6036 18.8439 
5.61562 18.9222 
5.62763 19.0005 
5.63964 19.0787 
5.65165 19.1568 
5.66366 19.2348 
5.67568 19.3128 
5.68769 19.3907 
5.6997 19.4686 
5.71171 19.5464 
5.72372 19.6241 
5.73574 19.7017 
5.74775 19.7792 
5.75976 19.8567 
5.77177 19.9341 
5.78378 20.0114 
5.7958 20.0886 
5.80781 20.1657 
5.81982 20.2428 
5.83183 20.3197 
5.84384 20.3966 
5.85586 20.4733 
5.86787 20.55 
5.87988 20.6265 
5.89189 20.703 
5.9039 20.7794 
5.91592 20.8556 
5.92793 20.9318 
5.93994 21.0078 
5.95195 21.0838 
5.96396 21.1596 
5.97598 21.2353 
5.98799 21.311 
6 21.3864 
