1000 2
-6 11.2538 
-5.98799 11.248 
-5.97598 11.2422 
-5.96396 11.2364 
-5.95195 11.2306 
-5.93994 11.2248 
-5.92793 11.2191 
-5.91592 11.2133 
-5.9039 11.2075 
-5.89189 11.2017 
-5.87988 11.1959 
-5.86787 11.1901 
-5.85586 11.1844 
-5.84384 11.1786 
-5.83183 11.1728 
-5.81982 11.167 
-5.80781 11.1612 
-5.7958 11.1554 
-5.78378 11.1497 
-5.77177 11.1439 
-5.75976 11.1381 
-5.74775 11.1323 
-5.73574 11.1265 
-5.72372 11.1207 
-5.71171 11.115 
-5.6997 11.1092 
-5.68769 11.1034 
-5.67568 11.0976 
-5.66366 11.0918 
-5.65165 11.086 
-5.63964 11.0803 
-5.62763 11.0745 
-5.61562 11.0687 
-5.6036 11.0629 
-5.59159 11.0571 
-5.57958 11.0513 
-5.56757 11.0456 
-5.55556 11.0398 
-5.54354 11.034 
-5.53153 11.0282 
-5.51952 11.0224 
-5.50751 11.0166 
-5.4955 11.0109 
-5.48348 11.0051 
-5.47147 10.9993 
-5.45946 10.9935 
-5.44745 10.9877 
-5.43544 10.982 
-5.42342 10.9762 
-5.41141 10.9704 
-5.3994 10.9646 
-5.38739 10.9588 
-5.37538 10.953 
-5.36336 10.9473 
-5.35135 10.9415 
-5.33934 10.9357 
-5.32733 10.9299 
-5.31532 10.9241 
-5.3033 10.9183 
-5.29129 10.9126 
-5.27928 10.9068 
-5.26727 10.901 
-5.25526 10.8952 
-5.24324 10.8894 
-5.23123 10.8836 
-5.21922 10.8779 
-5.20721 10.8721 
-5.1952 10.8663 
-5.18318 10.8605 
-5.17117 10.8547 
-5.15916 10.8489 
-5.14715 10.8432 
-5.13514 10.8374 
-5.12312 10.8316 
-5.11111 10.8258 
-5.0991 10.82 
-5.08709 10.8142 
-5.07508 10.8085 
-5.06306 10.8027 
-5.05105 10.7969 
-5.03904 10.7911 
-5.02703 10.7853 
-5.01502 10.7795 
-5.003 10.7738 
-4.99099 10.768 
-4.97898 10.7622 
-4.96697 10.7564 
-4.95495 10.7506 
-4.94294 10.7448 
-4.93093 10.7391 
-4.91892 10.7333 
-4.90691 10.7275 
-4.89489 10.7217 
-4.88288 10.7159 
-4.87087 10.7101 
-4.85886 10.7044 
-4.84685 10.6986 
-4.83483 10.6928 
-4.82282 10.687 
-4.81081 10.6812 
-4.7988 10.6754 
-4.78679 10.6697 
-4.77477 10.6639 
-4.76276 10.6581 
-4.75075 10.6523 
-4.73874 10.6465 
-4.72673 10.6407 
-4.71471 10.635 
-4.7027 10.6292 
-4.69069 10.6234 
-4.67868 10.6176 
-4.66667 10.6118 
-4.65465 10.606 
-4.64264 10.6003 
-4.63063 10.5945 
-4.61862 10.5887 
-4.60661 10.5829 
-4.59459 10.5771 
-4.58258 10.5713 
-4.57057 10.5656 
-4.55856 10.5598 
-4.54655 10.554 
-4.53453 10.5482 
-4.52252 10.5424 
-4.51051 10.5366 
-4.4985 10.5309 
-4.48649 10.5251 
-4.47447 10.5193 
-4.46246 10.5135 
-4.45045 10.5077 
-4.43844 10.5019 
-4.42643 10.4962 
-4.41441 10.4904 
-4.4024 10.4846 
-4.39039 10.4788 
-4.37838 10.473 
-4.36637 10.4672 
-4.35435 10.4615 
-4.34234 10.4557 
-4.33033 10.4499 
-4.31832 10.4441 
-4.30631 10.4383 
-4.29429 10.4325 
-4.28228 10.4268 
-4.27027 10.421 
-4.25826 10.4152 
-4.24625 10.4094 
-4.23423 10.4036 
-4.22222 10.3978 
-4.21021 10.3921 
-4.1982 10.3863 
-4.18619 10.3805 
-4.17417 10.3747 
-4.16216 10.3689 
-4.15015 10.3631 
-4.13814 10.3574 
-4.12613 10.3516 
-4.11411 10.3458 
-4.1021 10.34 
-4.09009 10.3342 
-4.07808 10.3285 
-4.06607 10.3227 
-4.05405 10.3169 
-4.04204 10.3111 
-4.03003 10.3053 
-4.01802 10.2995 
-4.00601 10.2938 
-3.99399 10.288 
-3.98198 10.2822 
-3.96997 10.2764 
-3.95796 10.2706 
-3.94595 10.2648 
-3.93393 10.2591 
-3.92192 10.2533 
-3.90991 10.2475 
-3.8979 10.2417 
-3.88589 10.2359 
-3.87387 10.2301 
-3.86186 10.2244 
-3.84985 10.2186 
-3.83784 10.2128 
-3.82583 10.207 
-3.81381 10.2012 
-3.8018 10.1954 
-3.78979 10.1897 
-3.77778 10.1839 
-3.76577 10.1781 
-3.75375 10.1723 
-3.74174 10.1665 
-3.72973 10.1607 
-3.71772 10.155 
-3.70571 10.1492 
-3.69369 10.1434 
-3.68168 10.1376 
-3.66967 10.1318 
-3.65766 10.126 
-3.64565 10.1203 
-3.63363 10.1145 
-3.62162 10.1087 
-3.60961 10.1029 
-3.5976 10.0971 
-3.58559 10.0913 
-3.57357 10.0856 
-3.56156 10.0798 
-3.54955 10.074 
-3.53754 10.0682 
-3.52553 10.0624 
-3.51351 10.0566 
-3.5015 10.0509 
-3.48949 10.0451 
-3.47748 10.0393 
-3.46547 10.0335 
-3.45345 10.0277 
-3.44144 10.0219 
-3.42943 10.0162 
-3.41742 10.0104 
-3.40541 10.0046 
-3.39339 9.99881 
-3.38138 9.99303 
-3.36937 9.98724 
-3.35736 9.98146 
-3.34535 9.97568 
-3.33333 9.96989 
-3.32132 9.96411 
-3.30931 9.95833 
-3.2973 9.95254 
-3.28529 9.94676 
-3.27327 9.94098 
-3.26126 9.93519 
-3.24925 9.92941 
-3.23724 9.92363 
-3.22523 9.91784 
-3.21321 9.91206 
-3.2012 9.90628 
-3.18919 9.90049 
-3.17718 9.89471 
-3.16517 9.88893 
-3.15315 9.88315 
-3.14114 9.87736 
-3.12913 9.87158 
-3.11712 9.8658 
-3.10511 9.86001 
-3.09309 9.85423 
-3.08108 9.84845 
-3.06907 9.84266 
-3.05706 9.83688 
-3.04505 9.8311 
-3.03303 9.82531 
-3.02102 9.81953 
-3.00901 9.81375 
-2.997 9.80796 
-2.98498 9.80218 
-2.97297 9.7964 
-2.96096 9.79061 
-2.94895 9.78483 
-2.93694 9.77905 
-2.92492 9.77326 
-2.91291 9.76748 
-2.9009 9.7617 
-2.88889 9.75591 
-2.87688 9.75013 
-2.86486 9.74435 
-2.85285 9.73857 
-2.84084 9.73278 
-2.82883 9.727 
-2.81682 9.72122 
-2.8048 9.71543 
-2.79279 9.70965 
-2.78078 9.70387 
-2.76877 9.69808 
-2.75676 9.6923 
-2.74474 9.68652 
-2.73273 9.68073 
-2.72072 9.67495 
-2.70871 9.66917 
-2.6967 9.66338 
-2.68468 9.6576 
-2.67267 9.65182 
-2.66066 9.64603 
-2.64865 9.64025 
-2.63664 9.63447 
-2.62462 9.62868 
-2.61261 9.6229 
-2.6006 9.61712 
-2.58859 9.61134 
-2.57658 9.60555 
-2.56456 9.59977 
-2.55255 9.59399 
-2.54054 9.5882 
-2.52853 9.58242 
-2.51652 9.57664 
-2.5045 9.57085 
-2.49249 9.56507 
-2.48048 9.55929 
-2.46847 9.5535 
-2.45646 9.54772 
-2.44444 9.54194 
-2.43243 9.53615 
-2.42042 9.53037 
-2.40841 9.52459 
-2.3964 9.5188 
-2.38438 9.51302 
-2.37237 9.50724 
-2.36036 9.50145 
-2.34835 9.49567 
-2.33634 9.48989 
-2.32432 9.48411 
-2.31231 9.47832 
-2.3003 9.47254 
-2.28829 9.46676 
-2.27628 9.46097 
-2.26426 9.45519 
-2.25225 9.44941 
-2.24024 9.44362 
-2.22823 9.43784 
-2.21622 9.43206 
-2.2042 9.42627 
-2.19219 9.42049 
-2.18018 9.41471 
-2.16817 9.40892 
-2.15616 9.40314 
-2.14414 9.39736 
-2.13213 9.39157 
-2.12012 9.38579 
-2.10811 9.38001 
-2.0961 9.37422 
-2.08408 9.36844 
-2.07207 9.36266 
-2.06006 9.35687 
-2.04805 9.35109 
-2.03604 9.34531 
-2.02402 9.33953 
-2.01201 9.33374 
-2 9.32796 
-1.98799 9.32218 
-1.97598 9.31639 
-1.96396 9.31061 
-1.95195 9.30483 
-1.93994 9.29904 
-1.92793 9.29326 
-1.91592 9.28748 
-1.9039 9.28169 
-1.89189 9.27591 
-1.87988 9.27013 
-1.86787 9.26434 
-1.85586 9.25856 
-1.84384 9.25278 
-1.83183 9.24699 
-1.81982 9.24121 
-1.80781 9.23543 
-1.7958 9.22964 
-1.78378 9.22386 
-1.77177 9.21808 
-1.75976 9.2123 
-1.74775 9.20651 
-1.73574 9.20073 
-1.72372 9.19495 
-1.71171 9.18916 
-1.6997 9.18338 
-1.68769 9.1776 
-1.67568 9.17181 
-1.66366 9.16603 
-1.65165 9.16025 
-1.63964 9.15446 
-1.62763 9.14868 
-1.61562 9.1429 
-1.6036 9.13711 
-1.59159 9.13133 
-1.57958 9.12555 
-1.56757 9.11976 
-1.55556 9.11398 
-1.54354 9.1082 
-1.53153 9.10241 
-1.51952 9.09663 
-1.50751 9.09085 
-1.4955 9.08507 
-1.48348 9.07928 
-1.47147 9.0735 
-1.45946 9.06772 
-1.44745 9.06193 
-1.43544 9.05615 
-1.42342 9.05037 
-1.41141 9.04458 
-1.3994 9.0388 
-1.38739 9.03302 
-1.37538 9.02723 
-1.36336 9.02145 
-1.35135 9.01567 
-1.33934 9.00988 
-1.32733 9.0041 
-1.31532 8.99832 
-1.3033 8.99253 
-1.29129 8.98675 
-1.27928 8.98097 
-1.26727 8.97518 
-1.25526 8.9694 
-1.24324 8.96362 
-1.23123 8.95784 
-1.21922 8.95205 
-1.20721 8.94627 
-1.1952 8.94049 
-1.18318 8.9347 
-1.17117 8.92892 
-1.15916 8.92314 
-1.14715 8.91735 
-1.13514 8.91157 
-1.12312 8.90579 
-1.11111 8.9 
-1.0991 8.89422 
-1.08709 8.88844 
-1.07508 8.88265 
-1.06306 8.87687 
-1.05105 8.87109 
-1.03904 8.8653 
-1.02703 8.85952 
-1.01502 8.85374 
-1.003 8.84795 
-0.990991 8.84217 
-0.978979 8.83639 
-0.966967 8.8306 
-0.954955 8.82482 
-0.942943 8.81904 
-0.930931 8.81326 
-0.918919 8.80747 
-0.906907 8.80169 
-0.894895 8.79591 
-0.882883 8.79012 
-0.870871 8.78434 
-0.858859 8.77856 
-0.846847 8.77277 
-0.834835 8.76699 
-0.822823 8.76121 
-0.810811 8.75542 
-0.798799 8.74964 
-0.786787 8.74386 
-0.774775 8.73807 
-0.762763 8.73229 
-0.750751 8.72651 
-0.738739 8.72072 
-0.726727 8.71494 
-0.714715 8.70916 
-0.702703 8.70337 
-0.690691 8.69759 
-0.678679 8.69181 
-0.666667 8.68603 
-0.654655 8.68024 
-0.642643 8.67446 
-0.630631 8.66868 
-0.618619 8.66289 
-0.606607 8.65711 
-0.594595 8.65133 
-0.582583 8.64554 
-0.570571 8.63976 
-0.558559 8.63398 
-0.546547 8.62819 
-0.534535 8.62241 
-0.522523 8.61663 
-0.510511 8.61084 
-0.498498 8.60506 
-0.486486 8.59928 
-0.474474 8.59349 
-0.462462 8.58771 
-0.45045 8.58193 
-0.438438 8.57614 
-0.426426 8.57036 
-0.414414 8.56458 
-0.402402 8.5588 
-0.39039 8.55301 
-0.378378 8.54723 
-0.366366 8.54145 
-0.354354 8.53566 
-0.342342 8.52988 
-0.33033 8.5241 
-0.318318 8.51831 
-0.306306 8.51253 
-0.294294 8.50675 
-0.282282 8.50096 
-0.27027 8.49518 
-0.258258 8.4894 
-0.246246 8.48361 
-0.234234 8.47783 
-0.222222 8.47205 
-0.21021 8.46626 
-0.198198 8.46048 
-0.186186 8.4547 
-0.174174 8.44891 
-0.162162 8.44313 
-0.15015 8.43735 
-0.138138 8.43156 
-0.126126 8.42578 
-0.114114 8.42 
-0.102102 8.41422 
-0.0900901 8.40843 
-0.0780781 8.40265 
-0.0660661 8.39687 
-0.0540541 8.39108 
-0.042042 8.3853 
-0.03003 8.37952 
-0.018018 8.37373 
-0.00600601 8.36795 
0.00600601 8.36217 
0.018018 8.35638 
0.03003 8.3506 
0.042042 8.34482 
0.0540541 8.33903 
0.0660661 8.33325 
0.0780781 8.32747 
0.0900901 8.32168 
0.102102 8.3159 
0.114114 8.31012 
0.126126 8.30433 
0.138138 8.29855 
0.15015 8.29277 
0.162162 8.28699 
0.174174 8.2812 
0.186186 8.27542 
0.198198 8.26964 
0.21021 8.26385 
0.222222 8.25807 
0.234234 8.25229 
0.246246 8.2465 
0.258258 8.24072 
0.27027 8.23494 
0.282282 8.22915 
0.294294 8.22337 
0.306306 8.21759 
0.318318 8.2118 
0.33033 8.20602 
0.342342 8.20024 
0.354354 8.19445 
0.366366 8.18867 
0.378378 8.18289 
0.39039 8.1771 
0.402402 8.17132 
0.414414 8.16554 
0.426426 8.15976 
0.438438 8.15397 
0.45045 8.14819 
0.462462 8.14241 
0.474474 8.13662 
0.486486 8.13084 
0.498498 8.12506 
0.510511 8.11927 
0.522523 8.11349 
0.534535 8.10771 
0.546547 8.10192 
0.558559 8.09614 
0.570571 8.09036 
0.582583 8.08457 
0.594595 8.07879 
0.606607 8.07301 
0.618619 8.06722 
0.630631 8.06144 
0.642643 8.05566 
0.654655 8.04987 
0.666667 8.04409 
0.678679 8.03831 
0.690691 8.03252 
0.702703 8.02674 
0.714715 8.02096 
0.726727 8.01518 
0.738739 8.00939 
0.750751 8.00361 
0.762763 7.99783 
0.774775 7.99204 
0.786787 7.98626 
0.798799 7.98048 
0.810811 7.97469 
0.822823 7.96891 
0.834835 7.96313 
0.846847 7.95734 
0.858859 7.95156 
0.870871 7.94578 
0.882883 7.93999 
0.894895 7.93421 
0.906907 7.92843 
0.918919 7.92264 
0.930931 7.91686 
0.942943 7.91108 
0.954955 7.90529 
0.966967 7.89951 
0.978979 7.89373 
0.990991 7.88795 
1.003 7.88216 
1.01502 7.87638 
1.02703 7.8706 
1.03904 7.86481 
1.05105 7.85903 
1.06306 7.85325 
1.07508 7.84746 
1.08709 7.84168 
1.0991 7.8359 
1.11111 7.83011 
1.12312 7.82433 
1.13514 7.81855 
1.14715 7.81276 
1.15916 7.80698 
1.17117 7.8012 
1.18318 7.79541 
1.1952 7.78963 
1.20721 7.78385 
1.21922 7.77806 
1.23123 7.77228 
1.24324 7.7665 
1.25526 7.76072 
1.26727 7.75493 
1.27928 7.74915 
1.29129 7.74337 
1.3033 7.73758 
1.31532 7.7318 
1.32733 7.72602 
1.33934 7.72023 
1.35135 7.71445 
1.36336 7.70867 
1.37538 7.70288 
1.38739 7.6971 
1.3994 7.69132 
1.41141 7.68553 
1.42342 7.67975 
1.43544 7.67397 
1.44745 7.66818 
1.45946 7.6624 
1.47147 7.65662 
1.48348 7.65083 
1.4955 7.64505 
1.50751 7.63927 
1.51952 7.63348 
1.53153 7.6277 
1.54354 7.62192 
1.55556 7.61614 
1.56757 7.61035 
1.57958 7.60457 
1.59159 7.59879 
1.6036 7.593 
1.61562 7.58722 
1.62763 7.58144 
1.63964 7.57565 
1.65165 7.56987 
1.66366 7.56409 
1.67568 7.5583 
1.68769 7.55252 
1.6997 7.54674 
1.71171 7.54095 
1.72372 7.53517 
1.73574 7.52939 
1.74775 7.5236 
1.75976 7.51782 
1.77177 7.51204 
1.78378 7.50625 
1.7958 7.50047 
1.80781 7.49469 
1.81982 7.48891 
1.83183 7.48312 
1.84384 7.47734 
1.85586 7.47156 
1.86787 7.46577 
1.87988 7.45999 
1.89189 7.45421 
1.9039 7.44842 
1.91592 7.44264 
1.92793 7.43686 
1.93994 7.43107 
1.95195 7.42529 
1.96396 7.41951 
1.97598 7.41372 
1.98799 7.40794 
2 7.40216 
2.01201 7.39637 
2.02402 7.39059 
2.03604 7.38481 
2.04805 7.37902 
2.06006 7.37324 
2.07207 7.36746 
2.08408 7.36168 
2.0961 7.35589 
2.10811 7.35011 
2.12012 7.34433 
2.13213 7.33854 
2.14414 7.33276 
2.15616 7.32698 
2.16817 7.32119 
2.18018 7.31541 
2.19219 7.30963 
2.2042 7.30384 
2.21622 7.29806 
2.22823 7.29228 
2.24024 7.28649 
2.25225 7.28071 
2.26426 7.27493 
2.27628 7.26914 
2.28829 7.26336 
2.3003 7.25758 
2.31231 7.25179 
2.32432 7.24601 
2.33634 7.24023 
2.34835 7.23445 
2.36036 7.22866 
2.37237 7.22288 
2.38438 7.2171 
2.3964 7.21131 
2.40841 7.20553 
2.42042 7.19975 
2.43243 7.19396 
2.44444 7.18818 
2.45646 7.1824 
2.46847 7.17661 
2.48048 7.17083 
2.49249 7.16505 
2.5045 7.15926 
2.51652 7.15348 
2.52853 7.1477 
2.54054 7.14191 
2.55255 7.13613 
2.56456 7.13035 
2.57658 7.12456 
2.58859 7.11878 
2.6006 7.113 
2.61261 7.10721 
2.62462 7.10143 
2.63664 7.09565 
2.64865 7.08987 
2.66066 7.08408 
2.67267 7.0783 
2.68468 7.07252 
2.6967 7.06673 
2.70871 7.06095 
2.72072 7.05517 
2.73273 7.04938 
2.74474 7.0436 
2.75676 7.03782 
2.76877 7.03203 
2.78078 7.02625 
2.79279 7.02047 
2.8048 7.01468 
2.81682 7.0089 
2.82883 7.00312 
2.84084 6.99733 
2.85285 6.99155 
2.86486 6.98577 
2.87688 6.97998 
2.88889 6.9742 
2.9009 6.96842 
2.91291 6.96264 
2.92492 6.95685 
2.93694 6.95107 
2.94895 6.94529 
2.96096 6.9395 
2.97297 6.93372 
2.98498 6.92794 
2.997 6.92215 
3.00901 6.91637 
3.02102 6.91059 
3.03303 6.9048 
3.04505 6.89902 
3.05706 6.89324 
3.06907 6.88745 
3.08108 6.88167 
3.09309 6.87589 
3.10511 6.8701 
3.11712 6.86432 
3.12913 6.85854 
3.14114 6.85275 
3.15315 6.84697 
3.16517 6.84119 
3.17718 6.83541 
3.18919 6.82962 
3.2012 6.82384 
3.21321 6.81806 
3.22523 6.81227 
3.23724 6.80649 
3.24925 6.80071 
3.26126 6.79492 
3.27327 6.78914 
3.28529 6.78336 
3.2973 6.77757 
3.30931 6.77179 
3.32132 6.76601 
3.33333 6.76022 
3.34535 6.75444 
3.35736 6.74866 
3.36937 6.74287 
3.38138 6.73709 
3.39339 6.73131 
3.40541 6.72552 
3.41742 6.71974 
3.42943 6.71396 
3.44144 6.70817 
3.45345 6.70239 
3.46547 6.69661 
3.47748 6.69083 
3.48949 6.68504 
3.5015 6.67926 
3.51351 6.67348 
3.52553 6.66769 
3.53754 6.66191 
3.54955 6.65613 
3.56156 6.65034 
3.57357 6.64456 
3.58559 6.63878 
3.5976 6.63299 
3.60961 6.62721 
3.62162 6.62143 
3.63363 6.61564 
3.64565 6.60986 
3.65766 6.60408 
3.66967 6.59829 
3.68168 6.59251 
3.69369 6.58673 
3.70571 6.58094 
3.71772 6.57516 
3.72973 6.56938 
3.74174 6.5636 
3.75375 6.55781 
3.76577 6.55203 
3.77778 6.54625 
3.78979 6.54046 
3.8018 6.53468 
3.81381 6.5289 
3.82583 6.52311 
3.83784 6.51733 
3.84985 6.51155 
3.86186 6.50576 
3.87387 6.49998 
3.88589 6.4942 
3.8979 6.48841 
3.90991 6.48263 
3.92192 6.47685 
3.93393 6.47106 
3.94595 6.46528 
3.95796 6.4595 
3.96997 6.45371 
3.98198 6.44793 
3.99399 6.44215 
4.00601 6.43637 
4.01802 6.43058 
4.03003 6.4248 
4.04204 6.41902 
4.05405 6.41323 
4.06607 6.40745 
4.07808 6.40167 
4.09009 6.39588 
4.1021 6.3901 
4.11411 6.38432 
4.12613 6.37853 
4.13814 6.37275 
4.15015 6.36697 
4.16216 6.36118 
4.17417 6.3554 
4.18619 6.34962 
4.1982 6.34383 
4.21021 6.33805 
4.22222 6.33227 
4.23423 6.32648 
4.24625 6.3207 
4.25826 6.31492 
4.27027 6.30913 
4.28228 6.30335 
4.29429 6.29757 
4.30631 6.29179 
4.31832 6.286 
4.33033 6.28022 
4.34234 6.27444 
4.35435 6.26865 
4.36637 6.26287 
4.37838 6.25709 
4.39039 6.2513 
4.4024 6.24552 
4.41441 6.23974 
4.42643 6.23395 
4.43844 6.22817 
4.45045 6.22239 
4.46246 6.2166 
4.47447 6.21082 
4.48649 6.20504 
4.4985 6.19925 
4.51051 6.19347 
4.52252 6.18769 
4.53453 6.1819 
4.54655 6.17612 
4.55856 6.17034 
4.57057 6.16456 
4.58258 6.15877 
4.59459 6.15299 
4.60661 6.14721 
4.61862 6.14142 
4.63063 6.13564 
4.64264 6.12986 
4.65465 6.12407 
4.66667 6.11829 
4.67868 6.11251 
4.69069 6.10672 
4.7027 6.10094 
4.71471 6.09516 
4.72673 6.08937 
4.73874 6.08359 
4.75075 6.07781 
4.76276 6.07202 
4.77477 6.06624 
4.78679 6.06046 
4.7988 6.05467 
4.81081 6.04889 
4.82282 6.04311 
4.83483 6.03733 
4.84685 6.03154 
4.85886 6.02576 
4.87087 6.01998 
4.88288 6.01419 
4.89489 6.00841 
4.90691 6.00263 
4.91892 5.99684 
4.93093 5.99106 
4.94294 5.98528 
4.95495 5.97949 
4.96697 5.97371 
4.97898 5.96793 
4.99099 5.96214 
5.003 5.95636 
5.01502 5.95058 
5.02703 5.94479 
5.03904 5.93901 
5.05105 5.93323 
5.06306 5.92744 
5.07508 5.92166 
5.08709 5.91588 
5.0991 5.91009 
5.11111 5.90431 
5.12312 5.89853 
5.13514 5.89275 
5.14715 5.88696 
5.15916 5.88118 
5.17117 5.8754 
5.18318 5.86961 
5.1952 5.86383 
5.20721 5.85805 
5.21922 5.85226 
5.23123 5.84648 
5.24324 5.8407 
5.25526 5.83491 
5.26727 5.82913 
5.27928 5.82335 
5.29129 5.81756 
5.3033 5.81178 
5.31532 5.806 
5.32733 5.80021 
5.33934 5.79443 
5.35135 5.78865 
5.36336 5.78286 
5.37538 5.77708 
5.38739 5.7713 
5.3994 5.76552 
5.41141 5.75973 
5.42342 5.75395 
5.43544 5.74817 
5.44745 5.74238 
5.45946 5.7366 
5.47147 5.73082 
5.48348 5.72503 
5.4955 5.71925 
5.50751 5.71347 
5.51952 5.70768 
5.53153 5.7019 
5.54354 5.69612 
5.55556 5.69033 
5.56757 5.68455 
5.57958 5.67877 
5.59159 5.67298 
5.6036 5.6672 
5.61562 5.66142 
5.62763 5.65563 
5.63964 5.64985 
5.65165 5.64407 
5.66366 5.63829 
5.67568 5.6325 
5.68769 5.62672 
5.6997 5.62094 
5.71171 5.61515 
5.72372 5.60937 
5.73574 5.60359 
5.74775 5.5978 
5.75976 5.59202 
5.77177 5.58624 
5.78378 5.58045 
5.7958 5.57467 
5.80781 5.56889 
5.81982 5.5631 
5.83183 5.55732 
5.84384 5.55154 
5.85586 5.54575 
5.86787 5.53997 
5.87988 5.53419 
5.89189 5.5284 
5.9039 5.52262 
5.91592 5.51684 
5.92793 5.51106 
5.93994 5.50527 
5.95195 5.49949 
5.96396 5.49371 
5.97598 5.48792 
5.98799 5.48214 
6 5.47636 
