1000 2
-6 16.9982 
-5.98799 17.1059 
-5.97598 17.2112 
-5.96396 17.314 
-5.95195 17.4145 
-5.93994 17.5126 
-5.92793 17.6083 
-5.91592 17.7018 
-5.9039 17.7929 
-5.89189 17.8817 
-5.87988 17.9682 
-5.86787 18.0525 
-5.85586 18.1346 
-5.84384 18.2144 
-5.83183 18.2921 
-5.81982 18.3676 
-5.80781 18.4409 
-5.7958 18.5121 
-5.78378 18.5813 
-5.77177 18.6483 
-5.75976 18.7132 
-5.74775 18.7761 
-5.73574 18.837 
-5.72372 18.8958 
-5.71171 18.9527 
-5.6997 19.0076 
-5.68769 19.0605 
-5.67568 19.1115 
-5.66366 19.1606 
-5.65165 19.2078 
-5.63964 19.2531 
-5.62763 19.2965 
-5.61562 19.3381 
-5.6036 19.3778 
-5.59159 19.4158 
-5.57958 19.452 
-5.56757 19.4863 
-5.55556 19.519 
-5.54354 19.5499 
-5.53153 19.5791 
-5.51952 19.6066 
-5.50751 19.6324 
-5.4955 19.6565 
-5.48348 19.679 
-5.47147 19.6998 
-5.45946 19.7191 
-5.44745 19.7367 
-5.43544 19.7528 
-5.42342 19.7673 
-5.41141 19.7803 
-5.3994 19.7917 
-5.38739 19.8016 
-5.37538 19.81 
-5.36336 19.817 
-5.35135 19.8224 
-5.33934 19.8265 
-5.32733 19.8291 
-5.31532 19.8302 
-5.3033 19.83 
-5.29129 19.8284 
-5.27928 19.8254 
-5.26727 19.8211 
-5.25526 19.8155 
-5.24324 19.8085 
-5.23123 19.8002 
-5.21922 19.7906 
-5.20721 19.7798 
-5.1952 19.7677 
-5.18318 19.7543 
-5.17117 19.7398 
-5.15916 19.724 
-5.14715 19.707 
-5.13514 19.6888 
-5.12312 19.6695 
-5.11111 19.649 
-5.0991 19.6273 
-5.08709 19.6046 
-5.07508 19.5807 
-5.06306 19.5557 
-5.05105 19.5296 
-5.03904 19.5025 
-5.02703 19.4743 
-5.01502 19.4451 
-5.003 19.4149 
-4.99099 19.3836 
-4.97898 19.3513 
-4.96697 19.3181 
-4.95495 19.2838 
-4.94294 19.2487 
-4.93093 19.2125 
-4.91892 19.1755 
-4.90691 19.1375 
-4.89489 19.0986 
-4.88288 19.0588 
-4.87087 19.0182 
-4.85886 18.9766 
-4.84685 18.9342 
-4.83483 18.891 
-4.82282 18.847 
-4.81081 18.8021 
-4.7988 18.7564 
-4.78679 18.71 
-4.77477 18.6627 
-4.76276 18.6147 
-4.75075 18.5659 
-4.73874 18.5164 
-4.72673 18.4662 
-4.71471 18.4152 
-4.7027 18.3635 
-4.69069 18.3112 
-4.67868 18.2581 
-4.66667 18.2044 
-4.65465 18.15 
-4.64264 18.095 
-4.63063 18.0393 
-4.61862 17.983 
-4.60661 17.9261 
-4.59459 17.8686 
-4.58258 17.8105 
-4.57057 17.7518 
-4.55856 17.6926 
-4.54655 17.6327 
-4.53453 17.5724 
-4.52252 17.5115 
-4.51051 17.45 
-4.4985 17.3881 
-4.48649 17.3256 
-4.47447 17.2627 
-4.46246 17.1992 
-4.45045 17.1353 
-4.43844 17.0709 
-4.42643 17.0061 
-4.41441 16.9408 
-4.4024 16.8751 
-4.39039 16.8089 
-4.37838 16.7424 
-4.36637 16.6754 
-4.35435 16.608 
-4.34234 16.5403 
-4.33033 16.4721 
-4.31832 16.4037 
-4.30631 16.3348 
-4.29429 16.2656 
-4.28228 16.1961 
-4.27027 16.1262 
-4.25826 16.056 
-4.24625 15.9855 
-4.23423 15.9147 
-4.22222 15.8436 
-4.21021 15.7722 
-4.1982 15.7005 
-4.18619 15.6286 
-4.17417 15.5564 
-4.16216 15.4839 
-4.15015 15.4113 
-4.13814 15.3383 
-4.12613 15.2652 
-4.11411 15.1918 
-4.1021 15.1183 
-4.09009 15.0445 
-4.07808 14.9705 
-4.06607 14.8964 
-4.05405 14.822 
-4.04204 14.7475 
-4.03003 14.6729 
-4.01802 14.5981 
-4.00601 14.5231 
-3.99399 14.448 
-3.98198 14.3728 
-3.96997 14.2975 
-3.95796 14.222 
-3.94595 14.1464 
-3.93393 14.0708 
-3.92192 13.995 
-3.90991 13.9192 
-3.8979 13.8432 
-3.88589 13.7672 
-3.87387 13.6912 
-3.86186 13.6151 
-3.84985 13.5389 
-3.83784 13.4627 
-3.82583 13.3864 
-3.81381 13.3101 
-3.8018 13.2338 
-3.78979 13.1575 
-3.77778 13.0812 
-3.76577 13.0048 
-3.75375 12.9285 
-3.74174 12.8522 
-3.72973 12.7758 
-3.71772 12.6995 
-3.70571 12.6233 
-3.69369 12.547 
-3.68168 12.4708 
-3.66967 12.3947 
-3.65766 12.3186 
-3.64565 12.2425 
-3.63363 12.1665 
-3.62162 12.0906 
-3.60961 12.0148 
-3.5976 11.939 
-3.58559 11.8633 
-3.57357 11.7878 
-3.56156 11.7123 
-3.54955 11.6369 
-3.53754 11.5616 
-3.52553 11.4864 
-3.51351 11.4114 
-3.5015 11.3364 
-3.48949 11.2616 
-3.47748 11.1869 
-3.46547 11.1124 
-3.45345 11.038 
-3.44144 10.9638 
-3.42943 10.8897 
-3.41742 10.8157 
-3.40541 10.7419 
-3.39339 10.6683 
-3.38138 10.5949 
-3.36937 10.5216 
-3.35736 10.4485 
-3.34535 10.3756 
-3.33333 10.3029 
-3.32132 10.2304 
-3.30931 10.1581 
-3.2973 10.0859 
-3.28529 10.014 
-3.27327 9.9423 
-3.26126 9.8708 
-3.24925 9.79952 
-3.23724 9.72846 
-3.22523 9.65763 
-3.21321 9.58703 
-3.2012 9.51666 
-3.18919 9.44652 
-3.17718 9.37663 
-3.16517 9.30698 
-3.15315 9.23758 
-3.14114 9.16843 
-3.12913 9.09953 
-3.11712 9.03089 
-3.10511 8.96252 
-3.09309 8.8944 
-3.08108 8.82656 
-3.06907 8.75899 
-3.05706 8.69169 
-3.04505 8.62467 
-3.03303 8.55793 
-3.02102 8.49148 
-3.00901 8.42531 
-2.997 8.35943 
-2.98498 8.29385 
-2.97297 8.22856 
-2.96096 8.16357 
-2.94895 8.09888 
-2.93694 8.03449 
-2.92492 7.97041 
-2.91291 7.90664 
-2.9009 7.84319 
-2.88889 7.78004 
-2.87688 7.71722 
-2.86486 7.65471 
-2.85285 7.59252 
-2.84084 7.53066 
-2.82883 7.46913 
-2.81682 7.40792 
-2.8048 7.34705 
-2.79279 7.2865 
-2.78078 7.2263 
-2.76877 7.16643 
-2.75676 7.1069 
-2.74474 7.04771 
-2.73273 6.98886 
-2.72072 6.93036 
-2.70871 6.87221 
-2.6967 6.8144 
-2.68468 6.75695 
-2.67267 6.69985 
-2.66066 6.6431 
-2.64865 6.58671 
-2.63664 6.53067 
-2.62462 6.475 
-2.61261 6.41968 
-2.6006 6.36473 
-2.58859 6.31014 
-2.57658 6.25592 
-2.56456 6.20206 
-2.55255 6.14857 
-2.54054 6.09545 
-2.52853 6.0427 
-2.51652 5.99032 
-2.5045 5.93831 
-2.49249 5.88667 
-2.48048 5.83541 
-2.46847 5.78453 
-2.45646 5.73403 
-2.44444 5.6839 
-2.43243 5.63415 
-2.42042 5.58478 
-2.40841 5.53579 
-2.3964 5.48718 
-2.38438 5.43895 
-2.37237 5.39111 
-2.36036 5.34365 
-2.34835 5.29657 
-2.33634 5.24988 
-2.32432 5.20358 
-2.31231 5.15766 
-2.3003 5.11213 
-2.28829 5.06699 
-2.27628 5.02223 
-2.26426 4.97786 
-2.25225 4.93388 
-2.24024 4.89029 
-2.22823 4.84709 
-2.21622 4.80427 
-2.2042 4.76185 
-2.19219 4.71982 
-2.18018 4.67817 
-2.16817 4.63692 
-2.15616 4.59606 
-2.14414 4.55559 
-2.13213 4.51551 
-2.12012 4.47582 
-2.10811 4.43652 
-2.0961 4.39761 
-2.08408 4.35909 
-2.07207 4.32096 
-2.06006 4.28323 
-2.04805 4.24588 
-2.03604 4.20892 
-2.02402 4.17236 
-2.01201 4.13618 
-2 4.10039 
-1.98799 4.06499 
-1.97598 4.02998 
-1.96396 3.99535 
-1.95195 3.96112 
-1.93994 3.92727 
-1.92793 3.89381 
-1.91592 3.86073 
-1.9039 3.82805 
-1.89189 3.79574 
-1.87988 3.76382 
-1.86787 3.73229 
-1.85586 3.70114 
-1.84384 3.67037 
-1.83183 3.63998 
-1.81982 3.60998 
-1.80781 3.58035 
-1.7958 3.55111 
-1.78378 3.52224 
-1.77177 3.49376 
-1.75976 3.46565 
-1.74775 3.43791 
-1.73574 3.41055 
-1.72372 3.38357 
-1.71171 3.35696 
-1.6997 3.33073 
-1.68769 3.30486 
-1.67568 3.27937 
-1.66366 3.25425 
-1.65165 3.22949 
-1.63964 3.2051 
-1.62763 3.18108 
-1.61562 3.15742 
-1.6036 3.13413 
-1.59159 3.1112 
-1.57958 3.08864 
-1.56757 3.06643 
-1.55556 3.04458 
-1.54354 3.02309 
-1.53153 3.00196 
-1.51952 2.98118 
-1.50751 2.96075 
-1.4955 2.94068 
-1.48348 2.92096 
-1.47147 2.90159 
-1.45946 2.88257 
-1.44745 2.86389 
-1.43544 2.84556 
-1.42342 2.82757 
-1.41141 2.80993 
-1.3994 2.79262 
-1.38739 2.77566 
-1.37538 2.75903 
-1.36336 2.74274 
-1.35135 2.72678 
-1.33934 2.71116 
-1.32733 2.69587 
-1.31532 2.6809 
-1.3033 2.66627 
-1.29129 2.65196 
-1.27928 2.63797 
-1.26727 2.62431 
-1.25526 2.61096 
-1.24324 2.59794 
-1.23123 2.58523 
-1.21922 2.57284 
-1.20721 2.56076 
-1.1952 2.549 
-1.18318 2.53754 
-1.17117 2.52639 
-1.15916 2.51555 
-1.14715 2.50501 
-1.13514 2.49478 
-1.12312 2.48484 
-1.11111 2.4752 
-1.0991 2.46586 
-1.08709 2.45682 
-1.07508 2.44806 
-1.06306 2.4396 
-1.05105 2.43142 
-1.03904 2.42353 
-1.02703 2.41593 
-1.01502 2.4086 
-1.003 2.40156 
-0.990991 2.39479 
-0.978979 2.38831 
-0.966967 2.38209 
-0.954955 2.37614 
-0.942943 2.37047 
-0.930931 2.36506 
-0.918919 2.35992 
-0.906907 2.35504 
-0.894895 2.35042 
-0.882883 2.34606 
-0.870871 2.34196 
-0.858859 2.33811 
-0.846847 2.33451 
-0.834835 2.33116 
-0.822823 2.32806 
-0.810811 2.3252 
-0.798799 2.32259 
-0.786787 2.32021 
-0.774775 2.31808 
-0.762763 2.31618 
-0.750751 2.31451 
-0.738739 2.31308 
-0.726727 2.31187 
-0.714715 2.3109 
-0.702703 2.31014 
-0.690691 2.30961 
-0.678679 2.3093 
-0.666667 2.3092 
-0.654655 2.30932 
-0.642643 2.30965 
-0.630631 2.31019 
-0.618619 2.31094 
-0.606607 2.3119 
-0.594595 2.31306 
-0.582583 2.31441 
-0.570571 2.31597 
-0.558559 2.31772 
-0.546547 2.31967 
-0.534535 2.3218 
-0.522523 2.32413 
-0.510511 2.32664 
-0.498498 2.32933 
-0.486486 2.3322 
-0.474474 2.33526 
-0.462462 2.33849 
-0.45045 2.34189 
-0.438438 2.34546 
-0.426426 2.34921 
-0.414414 2.35311 
-0.402402 2.35719 
-0.39039 2.36142 
-0.378378 2.36581 
-0.366366 2.37036 
-0.354354 2.37507 
-0.342342 2.37992 
-0.33033 2.38492 
-0.318318 2.39007 
-0.306306 2.39537 
-0.294294 2.4008 
-0.282282 2.40638 
-0.27027 2.41209 
-0.258258 2.41793 
-0.246246 2.42391 
-0.234234 2.43002 
-0.222222 2.43625 
-0.21021 2.4426 
-0.198198 2.44908 
-0.186186 2.45568 
-0.174174 2.46239 
-0.162162 2.46922 
-0.15015 2.47616 
-0.138138 2.48321 
-0.126126 2.49036 
-0.114114 2.49762 
-0.102102 2.50498 
-0.0900901 2.51244 
-0.0780781 2.52 
-0.0660661 2.52765 
-0.0540541 2.53539 
-0.042042 2.54323 
-0.03003 2.55115 
-0.018018 2.55915 
-0.00600601 2.56724 
0.00600601 2.5754 
0.018018 2.58365 
0.03003 2.59197 
0.042042 2.60036 
0.0540541 2.60882 
0.0660661 2.61735 
0.0780781 2.62594 
0.0900901 2.6346 
0.102102 2.64332 
0.114114 2.65209 
0.126126 2.66093 
0.138138 2.66981 
0.15015 2.67875 
0.162162 2.68773 
0.174174 2.69676 
0.186186 2.70583 
0.198198 2.71495 
0.21021 2.72411 
0.222222 2.7333 
0.234234 2.74252 
0.246246 2.75178 
0.258258 2.76107 
0.27027 2.77039 
0.282282 2.77973 
0.294294 2.7891 
0.306306 2.79848 
0.318318 2.80789 
0.33033 2.81731 
0.342342 2.82675 
0.354354 2.83619 
0.366366 2.84565 
0.378378 2.85512 
0.39039 2.86459 
0.402402 2.87406 
0.414414 2.88354 
0.426426 2.89301 
0.438438 2.90248 
0.45045 2.91195 
0.462462 2.92141 
0.474474 2.93086 
0.486486 2.9403 
0.498498 2.94972 
0.510511 2.95913 
0.522523 2.96852 
0.534535 2.97789 
0.546547 2.98724 
0.558559 2.99657 
0.570571 3.00587 
0.582583 3.01514 
0.594595 3.02438 
0.606607 3.0336 
0.618619 3.04277 
0.630631 3.05192 
0.642643 3.06102 
0.654655 3.07009 
0.666667 3.07911 
0.678679 3.0881 
0.690691 3.09703 
0.702703 3.10592 
0.714715 3.11477 
0.726727 3.12356 
0.738739 3.1323 
0.750751 3.14099 
0.762763 3.14962 
0.774775 3.15819 
0.786787 3.16671 
0.798799 3.17516 
0.810811 3.18356 
0.822823 3.19189 
0.834835 3.20015 
0.846847 3.20835 
0.858859 3.21648 
0.870871 3.22454 
0.882883 3.23253 
0.894895 3.24044 
0.906907 3.24828 
0.918919 3.25604 
0.930931 3.26373 
0.942943 3.27134 
0.954955 3.27887 
0.966967 3.28631 
0.978979 3.29367 
0.990991 3.30095 
1.003 3.30814 
1.01502 3.31525 
1.02703 3.32226 
1.03904 3.32919 
1.05105 3.33603 
1.06306 3.34277 
1.07508 3.34942 
1.08709 3.35598 
1.0991 3.36244 
1.11111 3.3688 
1.12312 3.37507 
1.13514 3.38123 
1.14715 3.3873 
1.15916 3.39326 
1.17117 3.39913 
1.18318 3.40489 
1.1952 3.41055 
1.20721 3.4161 
1.21922 3.42155 
1.23123 3.42689 
1.24324 3.43212 
1.25526 3.43724 
1.26727 3.44226 
1.27928 3.44716 
1.29129 3.45196 
1.3033 3.45664 
1.31532 3.46121 
1.32733 3.46567 
1.33934 3.47002 
1.35135 3.47425 
1.36336 3.47837 
1.37538 3.48237 
1.38739 3.48626 
1.3994 3.49003 
1.41141 3.49368 
1.42342 3.49722 
1.43544 3.50064 
1.44745 3.50395 
1.45946 3.50713 
1.47147 3.5102 
1.48348 3.51315 
1.4955 3.51598 
1.50751 3.51869 
1.51952 3.52128 
1.53153 3.52375 
1.54354 3.5261 
1.55556 3.52834 
1.56757 3.53045 
1.57958 3.53244 
1.59159 3.53432 
1.6036 3.53607 
1.61562 3.53771 
1.62763 3.53922 
1.63964 3.54062 
1.65165 3.5419 
1.66366 3.54306 
1.67568 3.5441 
1.68769 3.54502 
1.6997 3.54582 
1.71171 3.54651 
1.72372 3.54707 
1.73574 3.54752 
1.74775 3.54786 
1.75976 3.54808 
1.77177 3.54818 
1.78378 3.54817 
1.7958 3.54804 
1.80781 3.5478 
1.81982 3.54745 
1.83183 3.54698 
1.84384 3.5464 
1.85586 3.54571 
1.86787 3.54491 
1.87988 3.54401 
1.89189 3.54299 
1.9039 3.54186 
1.91592 3.54063 
1.92793 3.5393 
1.93994 3.53785 
1.95195 3.53631 
1.96396 3.53466 
1.97598 3.53291 
1.98799 3.53106 
2 3.52912 
2.01201 3.52707 
2.02402 3.52493 
2.03604 3.52269 
2.04805 3.52036 
2.06006 3.51794 
2.07207 3.51543 
2.08408 3.51283 
2.0961 3.51014 
2.10811 3.50736 
2.12012 3.5045 
2.13213 3.50156 
2.14414 3.49853 
2.15616 3.49543 
2.16817 3.49225 
2.18018 3.48899 
2.19219 3.48566 
2.2042 3.48226 
2.21622 3.47879 
2.22823 3.47525 
2.24024 3.47164 
2.25225 3.46797 
2.26426 3.46424 
2.27628 3.46045 
2.28829 3.4566 
2.3003 3.4527 
2.31231 3.44875 
2.32432 3.44474 
2.33634 3.44069 
2.34835 3.43659 
2.36036 3.43245 
2.37237 3.42827 
2.38438 3.42405 
2.3964 3.41979 
2.40841 3.4155 
2.42042 3.41119 
2.43243 3.40684 
2.44444 3.40248 
2.45646 3.39809 
2.46847 3.39368 
2.48048 3.38926 
2.49249 3.38482 
2.5045 3.38038 
2.51652 3.37593 
2.52853 3.37148 
2.54054 3.36702 
2.55255 3.36258 
2.56456 3.35813 
2.57658 3.3537 
2.58859 3.34928 
2.6006 3.34488 
2.61261 3.3405 
2.62462 3.33614 
2.63664 3.33181 
2.64865 3.32752 
2.66066 3.32325 
2.67267 3.31903 
2.68468 3.31485 
2.6967 3.31071 
2.70871 3.30663 
2.72072 3.3026 
2.73273 3.29863 
2.74474 3.29472 
2.75676 3.29087 
2.76877 3.2871 
2.78078 3.28341 
2.79279 3.27979 
2.8048 3.27625 
2.81682 3.27281 
2.82883 3.26945 
2.84084 3.2662 
2.85285 3.26304 
2.86486 3.25999 
2.87688 3.25706 
2.88889 3.25423 
2.9009 3.25153 
2.91291 3.24895 
2.92492 3.24651 
2.93694 3.24419 
2.94895 3.24202 
2.96096 3.23999 
2.97297 3.23811 
2.98498 3.23639 
2.997 3.23483 
3.00901 3.23343 
3.02102 3.23221 
3.03303 3.23116 
3.04505 3.23029 
3.05706 3.22961 
3.06907 3.22912 
3.08108 3.22884 
3.09309 3.22875 
3.10511 3.22888 
3.11712 3.22922 
3.12913 3.22978 
3.14114 3.23057 
3.15315 3.23159 
3.16517 3.23286 
3.17718 3.23437 
3.18919 3.23613 
3.2012 3.23815 
3.21321 3.24043 
3.22523 3.24298 
3.23724 3.24581 
3.24925 3.24893 
3.26126 3.25233 
3.27327 3.25603 
3.28529 3.26003 
3.2973 3.26435 
3.30931 3.26898 
3.32132 3.27393 
3.33333 3.27921 
3.34535 3.28484 
3.35736 3.2908 
3.36937 3.29712 
3.38138 3.30379 
3.39339 3.31083 
3.40541 3.31825 
3.41742 3.32604 
3.42943 3.33423 
3.44144 3.3428 
3.45345 3.35178 
3.46547 3.36117 
3.47748 3.37098 
3.48949 3.38122 
3.5015 3.39188 
3.51351 3.40299 
3.52553 3.41455 
3.53754 3.42657 
3.54955 3.43905 
3.56156 3.452 
3.57357 3.46544 
3.58559 3.47936 
3.5976 3.49379 
3.60961 3.50872 
3.62162 3.52416 
3.63363 3.54013 
3.64565 3.55664 
3.65766 3.57368 
3.66967 3.59127 
3.68168 3.60942 
3.69369 3.62814 
3.70571 3.64743 
3.71772 3.66731 
3.72973 3.68778 
3.74174 3.70886 
3.75375 3.73055 
3.76577 3.75286 
3.77778 3.7758 
3.78979 3.79938 
3.8018 3.82361 
3.81381 3.8485 
3.82583 3.87407 
3.83784 3.90031 
3.84985 3.92724 
3.86186 3.95486 
3.87387 3.9832 
3.88589 4.01226 
3.8979 4.04204 
3.90991 4.07256 
3.92192 4.10383 
3.93393 4.13586 
3.94595 4.16867 
3.95796 4.20225 
3.96997 4.23662 
3.98198 4.27179 
3.99399 4.30777 
4.00601 4.34458 
4.01802 4.38222 
4.03003 4.4207 
4.04204 4.46004 
4.05405 4.50025 
4.06607 4.54133 
4.07808 4.5833 
4.09009 4.62618 
4.1021 4.66996 
4.11411 4.71466 
4.12613 4.7603 
4.13814 4.80689 
4.15015 4.85443 
4.16216 4.90294 
4.17417 4.95243 
4.18619 5.00291 
4.1982 5.0544 
4.21021 5.10691 
4.22222 5.16044 
4.23423 5.21502 
4.24625 5.27064 
4.25826 5.32734 
4.27027 5.38511 
4.28228 5.44397 
4.29429 5.50393 
4.30631 5.56501 
4.31832 5.62722 
4.33033 5.69057 
4.34234 5.75507 
4.35435 5.82074 
4.36637 5.88759 
4.37838 5.95563 
4.39039 6.02488 
4.4024 6.09535 
4.41441 6.16705 
4.42643 6.24 
4.43844 6.31421 
4.45045 6.38969 
4.46246 6.46646 
4.47447 6.54454 
4.48649 6.62392 
4.4985 6.70464 
4.51051 6.7867 
4.52252 6.87011 
4.53453 6.9549 
4.54655 7.04107 
4.55856 7.12864 
4.57057 7.21763 
4.58258 7.30805 
4.59459 7.39991 
4.60661 7.49323 
4.61862 7.58802 
4.63063 7.6843 
4.64264 7.78208 
4.65465 7.88138 
4.66667 7.98222 
4.67868 8.0846 
4.69069 8.18855 
4.7027 8.29407 
4.71471 8.40119 
4.72673 8.50992 
4.73874 8.62028 
4.75075 8.73228 
4.76276 8.84594 
4.77477 8.96127 
4.78679 9.07828 
4.7988 9.19701 
4.81081 9.31746 
4.82282 9.43964 
4.83483 9.56358 
4.84685 9.68929 
4.85886 9.81678 
4.87087 9.94608 
4.88288 10.0772 
4.89489 10.2102 
4.90691 10.345 
4.91892 10.4817 
4.93093 10.6202 
4.94294 10.7607 
4.95495 10.9031 
4.96697 11.0475 
4.97898 11.1938 
4.99099 11.342 
5.003 11.4923 
5.01502 11.6446 
5.02703 11.7989 
5.03904 11.9552 
5.05105 12.1137 
5.06306 12.2742 
5.07508 12.4368 
5.08709 12.6015 
5.0991 12.7683 
5.11111 12.9374 
5.12312 13.1085 
5.13514 13.2819 
5.14715 13.4575 
5.15916 13.6353 
5.17117 13.8154 
5.18318 13.9977 
5.1952 14.1824 
5.20721 14.3693 
5.21922 14.5586 
5.23123 14.7502 
5.24324 14.9441 
5.25526 15.1405 
5.26727 15.3393 
5.27928 15.5404 
5.29129 15.7441 
5.3033 15.9502 
5.31532 16.1587 
5.32733 16.3698 
5.33934 16.5834 
5.35135 16.7996 
5.36336 17.0183 
5.37538 17.2396 
5.38739 17.4635 
5.3994 17.69 
5.41141 17.9192 
5.42342 18.1511 
5.43544 18.3856 
5.44745 18.6229 
5.45946 18.8629 
5.47147 19.1056 
5.48348 19.3511 
5.4955 19.5994 
5.50751 19.8506 
5.51952 20.1046 
5.53153 20.3614 
5.54354 20.6211 
5.55556 20.8837 
5.56757 21.1493 
5.57958 21.4178 
5.59159 21.6893 
5.6036 21.9638 
5.61562 22.2413 
5.62763 22.5218 
5.63964 22.8054 
5.65165 23.0921 
5.66366 23.3819 
5.67568 23.6748 
5.68769 23.9709 
5.6997 24.2702 
5.71171 24.5727 
5.72372 24.8784 
5.73574 25.1873 
5.74775 25.4995 
5.75976 25.815 
5.77177 26.1339 
5.78378 26.4561 
5.7958 26.7816 
5.80781 27.1106 
5.81982 27.4429 
5.83183 27.7787 
5.84384 28.118 
5.85586 28.4608 
5.86787 28.8071 
5.87988 29.1569 
5.89189 29.5103 
5.9039 29.8673 
5.91592 30.2279 
5.92793 30.5921 
5.93994 30.9601 
5.95195 31.3317 
5.96396 31.707 
5.97598 32.0861 
5.98799 32.4689 
6 32.8555 
