1000 2
-6 20.0772 
-5.98799 19.9799 
-5.97598 19.8874 
-5.96396 19.7993 
-5.95195 19.7157 
-5.93994 19.6363 
-5.92793 19.561 
-5.91592 19.4898 
-5.9039 19.4223 
-5.89189 19.3587 
-5.87988 19.2986 
-5.86787 19.242 
-5.85586 19.1887 
-5.84384 19.1387 
-5.83183 19.0918 
-5.81982 19.0479 
-5.80781 19.007 
-5.7958 18.9688 
-5.78378 18.9333 
-5.77177 18.9003 
-5.75976 18.8699 
-5.74775 18.8418 
-5.73574 18.816 
-5.72372 18.7924 
-5.71171 18.7708 
-5.6997 18.7513 
-5.68769 18.7336 
-5.67568 18.7178 
-5.66366 18.7037 
-5.65165 18.6912 
-5.63964 18.6803 
-5.62763 18.6709 
-5.61562 18.6628 
-5.6036 18.6561 
-5.59159 18.6507 
-5.57958 18.6464 
-5.56757 18.6432 
-5.55556 18.641 
-5.54354 18.6398 
-5.53153 18.6394 
-5.51952 18.6399 
-5.50751 18.6412 
-5.4955 18.6432 
-5.48348 18.6458 
-5.47147 18.6489 
-5.45946 18.6526 
-5.44745 18.6568 
-5.43544 18.6614 
-5.42342 18.6663 
-5.41141 18.6715 
-5.3994 18.677 
-5.38739 18.6827 
-5.37538 18.6885 
-5.36336 18.6945 
-5.35135 18.7005 
-5.33934 18.7065 
-5.32733 18.7125 
-5.31532 18.7184 
-5.3033 18.7242 
-5.29129 18.7299 
-5.27928 18.7354 
-5.26727 18.7406 
-5.25526 18.7456 
-5.24324 18.7503 
-5.23123 18.7547 
-5.21922 18.7587 
-5.20721 18.7624 
-5.1952 18.7656 
-5.18318 18.7683 
-5.17117 18.7706 
-5.15916 18.7723 
-5.14715 18.7735 
-5.13514 18.7742 
-5.12312 18.7743 
-5.11111 18.7737 
-5.0991 18.7726 
-5.08709 18.7707 
-5.07508 18.7682 
-5.06306 18.765 
-5.05105 18.7611 
-5.03904 18.7565 
-5.02703 18.7511 
-5.01502 18.7449 
-5.003 18.738 
-4.99099 18.7302 
-4.97898 18.7217 
-4.96697 18.7123 
-4.95495 18.7021 
-4.94294 18.691 
-4.93093 18.679 
-4.91892 18.6662 
-4.90691 18.6525 
-4.89489 18.6379 
-4.88288 18.6224 
-4.87087 18.606 
-4.85886 18.5886 
-4.84685 18.5703 
-4.83483 18.5511 
-4.82282 18.531 
-4.81081 18.5099 
-4.7988 18.4878 
-4.78679 18.4648 
-4.77477 18.4409 
-4.76276 18.416 
-4.75075 18.3901 
-4.73874 18.3632 
-4.72673 18.3354 
-4.71471 18.3066 
-4.7027 18.2768 
-4.69069 18.2461 
-4.67868 18.2144 
-4.66667 18.1817 
-4.65465 18.1481 
-4.64264 18.1135 
-4.63063 18.0779 
-4.61862 18.0414 
-4.60661 18.0039 
-4.59459 17.9654 
-4.58258 17.926 
-4.57057 17.8856 
-4.55856 17.8443 
-4.54655 17.8021 
-4.53453 17.7589 
-4.52252 17.7148 
-4.51051 17.6698 
-4.4985 17.6238 
-4.48649 17.5769 
-4.47447 17.5292 
-4.46246 17.4805 
-4.45045 17.4309 
-4.43844 17.3804 
-4.42643 17.3291 
-4.41441 17.2769 
-4.4024 17.2238 
-4.39039 17.1699 
-4.37838 17.1151 
-4.36637 17.0595 
-4.35435 17.0031 
-4.34234 16.9458 
-4.33033 16.8878 
-4.31832 16.8289 
-4.30631 16.7693 
-4.29429 16.7088 
-4.28228 16.6476 
-4.27027 16.5857 
-4.25826 16.523 
-4.24625 16.4595 
-4.23423 16.3953 
-4.22222 16.3304 
-4.21021 16.2648 
-4.1982 16.1985 
-4.18619 16.1316 
-4.17417 16.0639 
-4.16216 15.9956 
-4.15015 15.9266 
-4.13814 15.8571 
-4.12613 15.7868 
-4.11411 15.716 
-4.1021 15.6446 
-4.09009 15.5726 
-4.07808 15.5 
-4.06607 15.4268 
-4.05405 15.3531 
-4.04204 15.2788 
-4.03003 15.2041 
-4.01802 15.1288 
-4.00601 15.053 
-3.99399 14.9767 
-3.98198 14.8999 
-3.96997 14.8227 
-3.95796 14.7451 
-3.94595 14.667 
-3.93393 14.5884 
-3.92192 14.5095 
-3.90991 14.4302 
-3.8979 14.3504 
-3.88589 14.2703 
-3.87387 14.1899 
-3.86186 14.1091 
-3.84985 14.028 
-3.83784 13.9465 
-3.82583 13.8647 
-3.81381 13.7827 
-3.8018 13.7004 
-3.78979 13.6177 
-3.77778 13.5349 
-3.76577 13.4518 
-3.75375 13.3685 
-3.74174 13.2849 
-3.72973 13.2012 
-3.71772 13.1172 
-3.70571 13.0331 
-3.69369 12.9488 
-3.68168 12.8644 
-3.66967 12.7798 
-3.65766 12.6951 
-3.64565 12.6103 
-3.63363 12.5254 
-3.62162 12.4404 
-3.60961 12.3553 
-3.5976 12.2701 
-3.58559 12.1849 
-3.57357 12.0997 
-3.56156 12.0144 
-3.54955 11.9291 
-3.53754 11.8438 
-3.52553 11.7585 
-3.51351 11.6732 
-3.5015 11.588 
-3.48949 11.5028 
-3.47748 11.4177 
-3.46547 11.3326 
-3.45345 11.2476 
-3.44144 11.1627 
-3.42943 11.0779 
-3.41742 10.9932 
-3.40541 10.9086 
-3.39339 10.8242 
-3.38138 10.7399 
-3.36937 10.6558 
-3.35736 10.5718 
-3.34535 10.488 
-3.33333 10.4044 
-3.32132 10.321 
-3.30931 10.2378 
-3.2973 10.1548 
-3.28529 10.0721 
-3.27327 9.98955 
-3.26126 9.90729 
-3.24925 9.82529 
-3.23724 9.74356 
-3.22523 9.66211 
-3.21321 9.58094 
-3.2012 9.50008 
-3.18919 9.41951 
-3.17718 9.33927 
-3.16517 9.25935 
-3.15315 9.17977 
-3.14114 9.10052 
-3.12913 9.02163 
-3.11712 8.94311 
-3.10511 8.86495 
-3.09309 8.78716 
-3.08108 8.70977 
-3.06907 8.63276 
-3.05706 8.55616 
-3.04505 8.47997 
-3.03303 8.4042 
-3.02102 8.32885 
-3.00901 8.25394 
-2.997 8.17947 
-2.98498 8.10544 
-2.97297 8.03188 
-2.96096 7.95877 
-2.94895 7.88613 
-2.93694 7.81397 
-2.92492 7.74229 
-2.91291 7.67111 
-2.9009 7.60042 
-2.88889 7.53023 
-2.87688 7.46055 
-2.86486 7.39138 
-2.85285 7.32274 
-2.84084 7.25462 
-2.82883 7.18704 
-2.81682 7.11999 
-2.8048 7.05349 
-2.79279 6.98754 
-2.78078 6.92215 
-2.76877 6.85731 
-2.75676 6.79304 
-2.74474 6.72933 
-2.73273 6.66621 
-2.72072 6.60366 
-2.70871 6.54169 
-2.6967 6.48032 
-2.68468 6.41953 
-2.67267 6.35935 
-2.66066 6.29976 
-2.64865 6.24078 
-2.63664 6.18241 
-2.62462 6.12465 
-2.61261 6.0675 
-2.6006 6.01098 
-2.58859 5.95508 
-2.57658 5.8998 
-2.56456 5.84515 
-2.55255 5.79114 
-2.54054 5.73776 
-2.52853 5.68502 
-2.51652 5.63291 
-2.5045 5.58145 
-2.49249 5.53064 
-2.48048 5.48047 
-2.46847 5.43096 
-2.45646 5.38209 
-2.44444 5.33388 
-2.43243 5.28632 
-2.42042 5.23942 
-2.40841 5.19318 
-2.3964 5.1476 
-2.38438 5.10268 
-2.37237 5.05842 
-2.36036 5.01483 
-2.34835 4.9719 
-2.33634 4.92964 
-2.32432 4.88804 
-2.31231 4.84711 
-2.3003 4.80685 
-2.28829 4.76726 
-2.27628 4.72834 
-2.26426 4.69008 
-2.25225 4.6525 
-2.24024 4.61558 
-2.22823 4.57933 
-2.21622 4.54375 
-2.2042 4.50885 
-2.19219 4.4746 
-2.18018 4.44103 
-2.16817 4.40812 
-2.15616 4.37589 
-2.14414 4.34431 
-2.13213 4.3134 
-2.12012 4.28316 
-2.10811 4.25358 
-2.0961 4.22466 
-2.08408 4.1964 
-2.07207 4.1688 
-2.06006 4.14186 
-2.04805 4.11557 
-2.03604 4.08994 
-2.02402 4.06496 
-2.01201 4.04063 
-2 4.01695 
-1.98799 3.99392 
-1.97598 3.97153 
-1.96396 3.94979 
-1.95195 3.92869 
-1.93994 3.90822 
-1.92793 3.88839 
-1.91592 3.8692 
-1.9039 3.85063 
-1.89189 3.83269 
-1.87988 3.81538 
-1.86787 3.79869 
-1.85586 3.78262 
-1.84384 3.76717 
-1.83183 3.75233 
-1.81982 3.73809 
-1.80781 3.72447 
-1.7958 3.71145 
-1.78378 3.69903 
-1.77177 3.6872 
-1.75976 3.67597 
-1.74775 3.66533 
-1.73574 3.65528 
-1.72372 3.6458 
-1.71171 3.63691 
-1.6997 3.62858 
-1.68769 3.62083 
-1.67568 3.61365 
-1.66366 3.60703 
-1.65165 3.60096 
-1.63964 3.59545 
-1.62763 3.59049 
-1.61562 3.58607 
-1.6036 3.5822 
-1.59159 3.57886 
-1.57958 3.57605 
-1.56757 3.57377 
-1.55556 3.57201 
-1.54354 3.57076 
-1.53153 3.57004 
-1.51952 3.56982 
-1.50751 3.5701 
-1.4955 3.57088 
-1.48348 3.57215 
-1.47147 3.57391 
-1.45946 3.57616 
-1.44745 3.57888 
-1.43544 3.58208 
-1.42342 3.58574 
-1.41141 3.58987 
-1.3994 3.59445 
-1.38739 3.59948 
-1.37538 3.60496 
-1.36336 3.61088 
-1.35135 3.61724 
-1.33934 3.62403 
-1.32733 3.63123 
-1.31532 3.63886 
-1.3033 3.6469 
-1.29129 3.65535 
-1.27928 3.6642 
-1.26727 3.67344 
-1.25526 3.68308 
-1.24324 3.6931 
-1.23123 3.70349 
-1.21922 3.71426 
-1.20721 3.72539 
-1.1952 3.73689 
-1.18318 3.74874 
-1.17117 3.76093 
-1.15916 3.77347 
-1.14715 3.78635 
-1.13514 3.79955 
-1.12312 3.81308 
-1.11111 3.82693 
-1.0991 3.84109 
-1.08709 3.85555 
-1.07508 3.87032 
-1.06306 3.88538 
-1.05105 3.90072 
-1.03904 3.91634 
-1.02703 3.93224 
-1.01502 3.94841 
-1.003 3.96484 
-0.990991 3.98152 
-0.978979 3.99845 
-0.966967 4.01563 
-0.954955 4.03304 
-0.942943 4.05068 
-0.930931 4.06855 
-0.918919 4.08663 
-0.906907 4.10492 
-0.894895 4.12342 
-0.882883 4.14212 
-0.870871 4.16101 
-0.858859 4.18008 
-0.846847 4.19933 
-0.834835 4.21876 
-0.822823 4.23835 
-0.810811 4.2581 
-0.798799 4.278 
-0.786787 4.29805 
-0.774775 4.31825 
-0.762763 4.33857 
-0.750751 4.35903 
-0.738739 4.3796 
-0.726727 4.40029 
-0.714715 4.42109 
-0.702703 4.44199 
-0.690691 4.46299 
-0.678679 4.48408 
-0.666667 4.50525 
-0.654655 4.52649 
-0.642643 4.54781 
-0.630631 4.56919 
-0.618619 4.59064 
-0.606607 4.61213 
-0.594595 4.63367 
-0.582583 4.65524 
-0.570571 4.67685 
-0.558559 4.69849 
-0.546547 4.72015 
-0.534535 4.74182 
-0.522523 4.7635 
-0.510511 4.78519 
-0.498498 4.80687 
-0.486486 4.82854 
-0.474474 4.85019 
-0.462462 4.87183 
-0.45045 4.89343 
-0.438438 4.915 
-0.426426 4.93653 
-0.414414 4.95802 
-0.402402 4.97945 
-0.39039 5.00083 
-0.378378 5.02215 
-0.366366 5.04339 
-0.354354 5.06456 
-0.342342 5.08565 
-0.33033 5.10666 
-0.318318 5.12757 
-0.306306 5.14839 
-0.294294 5.1691 
-0.282282 5.1897 
-0.27027 5.21019 
-0.258258 5.23056 
-0.246246 5.25081 
-0.234234 5.27093 
-0.222222 5.29091 
-0.21021 5.31074 
-0.198198 5.33044 
-0.186186 5.34998 
-0.174174 5.36936 
-0.162162 5.38859 
-0.15015 5.40764 
-0.138138 5.42653 
-0.126126 5.44524 
-0.114114 5.46376 
-0.102102 5.4821 
-0.0900901 5.50025 
-0.0780781 5.5182 
-0.0660661 5.53595 
-0.0540541 5.55349 
-0.042042 5.57083 
-0.03003 5.58795 
-0.018018 5.60484 
-0.00600601 5.62152 
0.00600601 5.63796 
0.018018 5.65418 
0.03003 5.67015 
0.042042 5.68588 
0.0540541 5.70137 
0.0660661 5.71661 
0.0780781 5.73159 
0.0900901 5.74631 
0.102102 5.76077 
0.114114 5.77497 
0.126126 5.78889 
0.138138 5.80254 
0.15015 5.81591 
0.162162 5.829 
0.174174 5.84181 
0.186186 5.85432 
0.198198 5.86655 
0.21021 5.87847 
0.222222 5.8901 
0.234234 5.90143 
0.246246 5.91245 
0.258258 5.92315 
0.27027 5.93355 
0.282282 5.94363 
0.294294 5.95339 
0.306306 5.96284 
0.318318 5.97195 
0.33033 5.98074 
0.342342 5.9892 
0.354354 5.99733 
0.366366 6.00512 
0.378378 6.01257 
0.39039 6.01968 
0.402402 6.02645 
0.414414 6.03287 
0.426426 6.03895 
0.438438 6.04467 
0.45045 6.05005 
0.462462 6.05507 
0.474474 6.05973 
0.486486 6.06403 
0.498498 6.06798 
0.510511 6.07156 
0.522523 6.07478 
0.534535 6.07764 
0.546547 6.08012 
0.558559 6.08224 
0.570571 6.08399 
0.582583 6.08537 
0.594595 6.08638 
0.606607 6.08701 
0.618619 6.08727 
0.630631 6.08715 
0.642643 6.08666 
0.654655 6.08578 
0.666667 6.08453 
0.678679 6.0829 
0.690691 6.08089 
0.702703 6.0785 
0.714715 6.07573 
0.726727 6.07258 
0.738739 6.06904 
0.750751 6.06512 
0.762763 6.06082 
0.774775 6.05614 
0.786787 6.05107 
0.798799 6.04562 
0.810811 6.03979 
0.822823 6.03358 
0.834835 6.02698 
0.846847 6.02 
0.858859 6.01264 
0.870871 6.0049 
0.882883 5.99678 
0.894895 5.98827 
0.906907 5.97939 
0.918919 5.97013 
0.930931 5.96049 
0.942943 5.95047 
0.954955 5.94008 
0.966967 5.92932 
0.978979 5.91818 
0.990991 5.90666 
1.003 5.89478 
1.01502 5.88253 
1.02703 5.86991 
1.03904 5.85692 
1.05105 5.84356 
1.06306 5.82985 
1.07508 5.81577 
1.08709 5.80133 
1.0991 5.78653 
1.11111 5.77138 
1.12312 5.75587 
1.13514 5.74002 
1.14715 5.72381 
1.15916 5.70725 
1.17117 5.69035 
1.18318 5.67311 
1.1952 5.65553 
1.20721 5.63761 
1.21922 5.61936 
1.23123 5.60077 
1.24324 5.58186 
1.25526 5.56262 
1.26727 5.54305 
1.27928 5.52317 
1.29129 5.50297 
1.3033 5.48246 
1.31532 5.46163 
1.32733 5.4405 
1.33934 5.41906 
1.35135 5.39733 
1.36336 5.3753 
1.37538 5.35297 
1.38739 5.33036 
1.3994 5.30746 
1.41141 5.28427 
1.42342 5.26081 
1.43544 5.23708 
1.44745 5.21308 
1.45946 5.18881 
1.47147 5.16428 
1.48348 5.13949 
1.4955 5.11445 
1.50751 5.08916 
1.51952 5.06362 
1.53153 5.03785 
1.54354 5.01184 
1.55556 4.9856 
1.56757 4.95914 
1.57958 4.93245 
1.59159 4.90555 
1.6036 4.87844 
1.61562 4.85112 
1.62763 4.8236 
1.63964 4.79588 
1.65165 4.76797 
1.66366 4.73988 
1.67568 4.7116 
1.68769 4.68316 
1.6997 4.65454 
1.71171 4.62575 
1.72372 4.59681 
1.73574 4.56772 
1.74775 4.53847 
1.75976 4.50909 
1.77177 4.47956 
1.78378 4.44991 
1.7958 4.42014 
1.80781 4.39024 
1.81982 4.36023 
1.83183 4.33011 
1.84384 4.2999 
1.85586 4.26958 
1.86787 4.23918 
1.87988 4.2087 
1.89189 4.17814 
1.9039 4.14751 
1.91592 4.11682 
1.92793 4.08607 
1.93994 4.05526 
1.95195 4.02442 
1.96396 3.99353 
1.97598 3.96261 
1.98799 3.93167 
2 3.90071 
2.01201 3.86974 
2.02402 3.83876 
2.03604 3.80779 
2.04805 3.77682 
2.06006 3.74587 
2.07207 3.71494 
2.08408 3.68404 
2.0961 3.65317 
2.10811 3.62235 
2.12012 3.59158 
2.13213 3.56086 
2.14414 3.53021 
2.15616 3.49963 
2.16817 3.46913 
2.18018 3.43871 
2.19219 3.40838 
2.2042 3.37815 
2.21622 3.34803 
2.22823 3.31802 
2.24024 3.28814 
2.25225 3.25838 
2.26426 3.22876 
2.27628 3.19928 
2.28829 3.16995 
2.3003 3.14077 
2.31231 3.11177 
2.32432 3.08293 
2.33634 3.05427 
2.34835 3.0258 
2.36036 2.99753 
2.37237 2.96945 
2.38438 2.94159 
2.3964 2.91394 
2.40841 2.88651 
2.42042 2.85932 
2.43243 2.83237 
2.44444 2.80566 
2.45646 2.7792 
2.46847 2.75301 
2.48048 2.72708 
2.49249 2.70144 
2.5045 2.67607 
2.51652 2.651 
2.52853 2.62622 
2.54054 2.60175 
2.55255 2.5776 
2.56456 2.55376 
2.57658 2.53025 
2.58859 2.50708 
2.6006 2.48425 
2.61261 2.46178 
2.62462 2.43966 
2.63664 2.4179 
2.64865 2.39652 
2.66066 2.37552 
2.67267 2.35491 
2.68468 2.33469 
2.6967 2.31488 
2.70871 2.29547 
2.72072 2.27648 
2.73273 2.25792 
2.74474 2.23978 
2.75676 2.22209 
2.76877 2.20484 
2.78078 2.18804 
2.79279 2.17171 
2.8048 2.15584 
2.81682 2.14045 
2.82883 2.12553 
2.84084 2.11111 
2.85285 2.09718 
2.86486 2.08376 
2.87688 2.07084 
2.88889 2.05844 
2.9009 2.04657 
2.91291 2.03522 
2.92492 2.02441 
2.93694 2.01415 
2.94895 2.00443 
2.96096 1.99528 
2.97297 1.98669 
2.98498 1.97867 
2.997 1.97122 
3.00901 1.96436 
3.02102 1.95809 
3.03303 1.95242 
3.04505 1.94735 
3.05706 1.94289 
3.06907 1.93904 
3.08108 1.93582 
3.09309 1.93323 
3.10511 1.93127 
3.11712 1.92995 
3.12913 1.92928 
3.14114 1.92926 
3.15315 1.9299 
3.16517 1.93121 
3.17718 1.93319 
3.18919 1.93584 
3.2012 1.93917 
3.21321 1.9432 
3.22523 1.94792 
3.23724 1.95333 
3.24925 1.95945 
3.26126 1.96629 
3.27327 1.97383 
3.28529 1.9821 
3.2973 1.9911 
3.30931 2.00083 
3.32132 2.01129 
3.33333 2.0225 
3.34535 2.03445 
3.35736 2.04716 
3.36937 2.06062 
3.38138 2.07484 
3.39339 2.08983 
3.40541 2.1056 
3.41742 2.12214 
3.42943 2.13946 
3.44144 2.15757 
3.45345 2.17646 
3.46547 2.19615 
3.47748 2.21664 
3.48949 2.23794 
3.5015 2.26004 
3.51351 2.28295 
3.52553 2.30668 
3.53754 2.33123 
3.54955 2.3566 
3.56156 2.3828 
3.57357 2.40983 
3.58559 2.4377 
3.5976 2.4664 
3.60961 2.49595 
3.62162 2.52635 
3.63363 2.55759 
3.64565 2.58969 
3.65766 2.62265 
3.66967 2.65646 
3.68168 2.69114 
3.69369 2.72669 
3.70571 2.76311 
3.71772 2.8004 
3.72973 2.83856 
3.74174 2.87761 
3.75375 2.91754 
3.76577 2.95835 
3.77778 3.00005 
3.78979 3.04264 
3.8018 3.08613 
3.81381 3.13051 
3.82583 3.17579 
3.83784 3.22197 
3.84985 3.26906 
3.86186 3.31705 
3.87387 3.36595 
3.88589 3.41576 
3.8979 3.46648 
3.90991 3.51812 
3.92192 3.57068 
3.93393 3.62416 
3.94595 3.67856 
3.95796 3.73388 
3.96997 3.79013 
3.98198 3.84731 
3.99399 3.90542 
4.00601 3.96446 
4.01802 4.02444 
4.03003 4.08535 
4.04204 4.1472 
4.05405 4.20999 
4.06607 4.27372 
4.07808 4.3384 
4.09009 4.40402 
4.1021 4.47059 
4.11411 4.5381 
4.12613 4.60657 
4.13814 4.67599 
4.15015 4.74636 
4.16216 4.81769 
4.17417 4.88998 
4.18619 4.96323 
4.1982 5.03743 
4.21021 5.1126 
4.22222 5.18874 
4.23423 5.26584 
4.24625 5.34391 
4.25826 5.42295 
4.27027 5.50296 
4.28228 5.58395 
4.29429 5.66591 
4.30631 5.74885 
4.31832 5.83277 
4.33033 5.91767 
4.34234 6.00355 
4.35435 6.09042 
4.36637 6.17828 
4.37838 6.26713 
4.39039 6.35697 
4.4024 6.44781 
4.41441 6.53964 
4.42643 6.63247 
4.43844 6.72631 
4.45045 6.82115 
4.46246 6.917 
4.47447 7.01385 
4.48649 7.11173 
4.4985 7.21062 
4.51051 7.31053 
4.52252 7.41146 
4.53453 7.51342 
4.54655 7.61641 
4.55856 7.72044 
4.57057 7.8255 
4.58258 7.9316 
4.59459 8.03875 
4.60661 8.14695 
4.61862 8.25621 
4.63063 8.36653 
4.64264 8.4779 
4.65465 8.59035 
4.66667 8.70388 
4.67868 8.81848 
4.69069 8.93417 
4.7027 9.05095 
4.71471 9.16882 
4.72673 9.2878 
4.73874 9.40789 
4.75075 9.5291 
4.76276 9.65143 
4.77477 9.77489 
4.78679 9.89949 
4.7988 10.0252 
4.81081 10.1521 
4.82282 10.2802 
4.83483 10.4094 
4.84685 10.5398 
4.85886 10.6714 
4.87087 10.8042 
4.88288 10.9383 
4.89489 11.0735 
4.90691 11.21 
4.91892 11.3477 
4.93093 11.4866 
4.94294 11.6268 
4.95495 11.7683 
4.96697 11.9111 
4.97898 12.0552 
4.99099 12.2006 
5.003 12.3473 
5.01502 12.4954 
5.02703 12.6448 
5.03904 12.7956 
5.05105 12.9478 
5.06306 13.1014 
5.07508 13.2565 
5.08709 13.4129 
5.0991 13.5709 
5.11111 13.7303 
5.12312 13.8912 
5.13514 14.0536 
5.14715 14.2175 
5.15916 14.383 
5.17117 14.5501 
5.18318 14.7188 
5.1952 14.8891 
5.20721 15.061 
5.21922 15.2346 
5.23123 15.4099 
5.24324 15.5869 
5.25526 15.7657 
5.26727 15.9462 
5.27928 16.1286 
5.29129 16.3127 
5.3033 16.4987 
5.31532 16.6866 
5.32733 16.8765 
5.33934 17.0682 
5.35135 17.262 
5.36336 17.4577 
5.37538 17.6555 
5.38739 17.8554 
5.3994 18.0574 
5.41141 18.2616 
5.42342 18.4679 
5.43544 18.6765 
5.44745 18.8874 
5.45946 19.1005 
5.47147 19.3161 
5.48348 19.534 
5.4955 19.7543 
5.50751 19.9772 
5.51952 20.2025 
5.53153 20.4305 
5.54354 20.661 
5.55556 20.8943 
5.56757 21.1303 
5.57958 21.369 
5.59159 21.6106 
5.6036 21.8551 
5.61562 22.1025 
5.62763 22.3529 
5.63964 22.6063 
5.65165 22.8629 
5.66366 23.1226 
5.67568 23.3856 
5.68769 23.6519 
5.6997 23.9216 
5.71171 24.1947 
5.72372 24.4713 
5.73574 24.7514 
5.74775 25.0353 
5.75976 25.3228 
5.77177 25.6141 
5.78378 25.9093 
5.7958 26.2084 
5.80781 26.5115 
5.81982 26.8188 
5.83183 27.1302 
5.84384 27.4459 
5.85586 27.766 
5.86787 28.0905 
5.87988 28.4196 
5.89189 28.7532 
5.9039 29.0916 
5.91592 29.4348 
5.92793 29.7829 
5.93994 30.1361 
5.95195 30.4943 
5.96396 30.8578 
5.97598 31.2266 
5.98799 31.6008 
6 31.9806 
