0,0
0.0500501,0
0.1001,0
0.15015,0
0.2002,0
0.25025,0.283287
0.3003,0.386292
0.35035,0.488373
0.4004,0.589532
0.45045,0.689767
0.500501,0.78908
0.550551,0.887469
0.600601,0.984936
0.650651,1.08148
0.700701,1.1771
0.750751,1.2718
0.800801,1.36557
0.850851,1.45842
0.900901,1.55035
0.950951,1.64136
1.001,1.73144
1.05105,1.8206
1.1011,1.90884
1.15115,1.99615
1.2012,2.08254
1.25125,2.16801
1.3013,2.25256
1.35135,2.33618
1.4014,2.41888
1.45145,2.50065
1.5015,2.5815
1.55155,2.66143
1.6016,2.74044
1.65165,2.81853
1.7017,2.89569
1.75175,2.97192
1.8018,3.04724
1.85185,3.12163
1.9019,3.1951
1.95195,3.26765
2.002,3.33927
2.05205,3.40997
2.1021,3.47975
2.15215,3.5486
2.2022,3.61653
2.25225,3.68354
2.3023,3.74963
2.35235,3.81479
2.4024,3.87903
2.45245,3.94234
2.5025,4.00474
2.55255,4.06621
2.6026,4.12676
2.65265,4.18638
2.7027,4.24508
2.75275,4.30286
2.8028,4.35972
2.85285,4.41565
2.9029,4.47066
2.95295,4.52474
3.003,4.57791
3.05305,4.63015
3.1031,4.68147
3.15315,4.73186
3.2032,4.78133
3.25325,4.82988
3.3033,4.87751
3.35335,4.92421
3.4034,4.96999
3.45345,5.01485
3.5035,5.05878
3.55355,5.10179
3.6036,5.14388
3.65365,5.18504
3.7037,5.22528
3.75375,5.2646
3.8038,5.303
3.85385,5.34047
3.9039,5.37702
3.95395,5.41265
4.004,5.44735
4.05405,5.48113
4.1041,5.51399
4.15415,5.54593
4.2042,5.57694
4.25425,5.60703
4.3043,5.63619
4.35435,5.66444
4.4044,5.69176
4.45445,5.71815
4.5045,5.74363
4.55455,5.76818
4.6046,5.79181
4.65465,5.81451
4.7047,5.8363
4.75475,5.85715
4.8048,5.87764
4.85485,5.9005
4.9049,5.92612
4.95495,5.95451
5.00501,5.98566
5.05506,6.01956
5.10511,6.05588
5.15516,6.09178
5.20521,6.12666
5.25526,6.16052
5.30531,6.19334
5.35536,6.22515
5.40541,6.25592
5.45546,6.28568
5.50551,6.3144
5.55556,6.34211
5.60561,6.36878
5.65566,6.39443
5.70571,6.41906
5.75576,6.44266
5.80581,6.46524
5.85586,6.48679
5.90591,6.50731
5.95596,6.52681
6.00601,6.54529
6.05606,6.56274
6.10611,6.57916
6.15616,6.59456
6.20621,6.60893
6.25626,6.62228
6.30631,6.63461
6.35636,6.6459
6.40641,6.65618
6.45646,6.66542
6.50651,6.67365
6.55656,6.68084
6.60661,6.68702
6.65666,6.69216
6.70671,6.69628
6.75676,6.69938
6.80681,6.70145
6.85686,6.7025
6.90691,6.70252
6.95696,6.70151
7.00701,6.69948
7.05706,6.69643
7.10711,6.69235
7.15716,6.68724
7.20721,6.68111
7.25726,6.67396
7.30731,6.66577
7.35736,6.65657
7.40741,6.64634
7.45746,6.63508
7.50751,6.6228
7.55756,6.60949
7.60761,6.59516
7.65766,6.5798
7.70771,6.56341
7.75776,6.54601
7.80781,6.52757
7.85786,6.50811
7.90791,6.48763
7.95796,6.46612
8.00801,6.44359
8.05806,6.42003
8.10811,6.39544
8.15816,6.36983
8.20821,6.3432
8.25826,6.31553
8.30831,6.28685
8.35836,6.25714
8.40841,6.2264
8.45846,6.19464
8.50851,6.16185
8.55856,6.12804
8.60861,6.0932
8.65866,6.05734
8.70871,6.02045
8.75876,5.98282
8.80881,5.94777
8.85886,5.91627
8.90891,5.8883
8.95896,5.86387
9.00901,5.84298
9.05906,5.82564
9.10911,5.81183
9.15916,5.80157
9.20921,5.79484
9.25926,5.79166
9.30931,5.79202
9.35936,5.79591
9.40941,5.80335
9.45946,5.81433
9.50951,5.82885
9.55956,5.84691
9.60961,5.86851
9.65966,5.89365
9.70971,5.92233
9.75976,5.95455
9.80981,5.99031
9.85986,6.02962
9.90991,6.07246
9.95996,6.11885
10.01,6.16877
10.0601,6.22224
10.1101,6.27924
10.1602,6.33979
10.2102,6.40387
10.2603,6.4715
10.3103,6.54267
10.3604,6.61738
10.4104,6.69563
10.4605,6.77742
10.5105,6.86275
10.5606,6.95162
10.6106,7.04403
10.6607,7.13998
10.7107,7.23947
10.7608,7.34251
10.8108,7.44908
10.8609,7.5592
10.9109,7.67285
10.961,7.79005
11.011,7.91078
11.0611,8.03506
11.1111,8.16287
11.1612,8.29423
11.2112,8.42913
11.2613,8.56757
11.3113,8.70955
11.3614,8.85507
11.4114,9.00413
11.4615,9.15673
11.5115,9.31287
11.5616,9.47255
11.6116,9.63578
11.6617,9.80254
11.7117,9.97284
11.7618,10.1467
11.8118,10.3241
11.8619,10.5049
11.9119,10.6862
11.962,10.8661
12.012,11.0447
12.0621,11.222
12.1121,11.398
12.1622,11.5727
12.2122,11.746
12.2623,11.918
12.3123,12.0887
12.3624,12.2581
12.4124,12.4262
12.4625,12.5929
12.5125,12.7584
12.5626,12.9225
12.6126,13.0853
12.6627,13.2467
12.7127,13.4069
12.7628,13.5657
12.8128,13.7232
12.8629,13.8794
12.9129,14.0343
12.963,14.1878
13.013,14.3401
13.0631,14.491
13.1131,14.6406
13.1632,14.7889
13.2132,14.9358
13.2633,15.0815
13.3133,15.2258
13.3634,15.3688
13.4134,15.5105
13.4635,15.6509
13.5135,15.7899
13.5636,15.9277
13.6136,16.0641
13.6637,16.1992
13.7137,16.3329
13.7638,16.4654
13.8138,16.5965
13.8639,16.7263
13.9139,16.8548
13.964,16.982
14.014,17.1079
14.0641,17.2334
14.1141,17.3597
14.1642,17.4867
14.2142,17.6145
14.2643,17.7429
14.3143,17.8721
14.3644,18.0021
14.4144,18.1328
14.4645,18.2642
14.5145,18.3963
14.5646,18.5292
14.6146,18.6628
14.6647,18.7972
14.7147,18.9323
14.7648,19.0681
14.8148,19.2047
14.8649,19.3419
14.9149,19.48
14.965,19.6186
15.015,19.7546
15.0651,19.8863
15.1151,20.0139
15.1652,20.1371
15.2152,20.2562
15.2653,20.371
15.3153,20.4816
15.3654,20.5879
15.4154,20.69
15.4655,20.7879
15.5155,20.8815
15.5656,20.9709
15.6156,21.0561
15.6657,21.137
15.7157,21.2137
15.7658,21.2862
15.8158,21.3544
15.8659,21.4184
15.9159,21.4782
15.966,21.5337
16.016,21.585
16.0661,21.6321
16.1161,21.6749
16.1662,21.7135
16.2162,21.7478
16.2663,21.7779
16.3163,21.8038
16.3664,21.8254
16.4164,21.8429
16.4665,21.856
16.5165,21.865
16.5666,21.8697
16.6166,21.8702
16.6667,21.8664
16.7167,21.8584
16.7668,21.8462
16.8168,21.8297
16.8669,21.809
16.9169,21.7841
16.967,21.7549
17.017,21.7215
17.0671,21.6838
17.1171,21.642
17.1672,21.5958
17.2172,21.5455
17.2673,21.4909
17.3173,21.4321
17.3674,21.3691
17.4174,21.3018
17.4675,21.2302
17.5175,21.1545
17.5676,21.0745
17.6176,20.9924
17.6677,20.9125
17.7177,20.8349
17.7678,20.7598
17.8178,20.6871
17.8679,20.6168
17.9179,20.5488
17.968,20.4833
18.018,20.4201
18.0681,20.3593
18.1181,20.2986
18.1682,20.2342
18.2182,20.1662
18.2683,20.0946
18.3183,20.0194
18.3684,19.9406
18.4184,19.8581
18.4685,19.772
18.5185,19.6822
18.5686,19.5889
18.6186,19.4919
18.6687,19.3912
18.7187,19.287
18.7688,19.1791
18.8188,19.0676
18.8689,18.9525
18.9189,18.8337
18.969,18.7113
19.019,18.5853
19.0691,18.4556
19.1191,18.3224
19.1692,18.1855
19.2192,18.0449
19.2693,17.9035
19.3193,17.7651
19.3694,17.6297
19.4194,17.4973
19.4695,17.3679
19.5195,17.2416
19.5696,17.1184
19.6196,16.9981
19.6697,16.8809
19.7197,16.7668
19.7698,16.6556
19.8198,16.5475
19.8699,16.4425
19.9199,16.3404
19.97,16.2415
20.02,16.1455
20.0701,16.0526
20.1201,15.9627
20.1702,15.8758
20.2202,15.792
20.2703,15.7112
20.3203,15.6335
20.3704,15.5587
20.4204,15.487
20.4705,15.4184
20.5205,15.3528
20.5706,15.2902
20.6206,15.2306
20.6707,15.1741
20.7207,15.1206
20.7708,15.0702
20.8208,15.0228
20.8709,14.9784
20.9209,14.9374
20.971,14.9001
21.021,14.8663
21.0711,14.8362
21.1211,14.8097
21.1712,14.7868
21.2212,14.7676
21.2713,14.752
21.3213,14.74
21.3714,14.7316
21.4214,14.7268
21.4715,14.7257
21.5215,14.7282
21.5716,14.7343
21.6216,14.7441
21.6717,14.7575
21.7217,14.7744
21.7718,14.7951
21.8218,14.8193
21.8719,14.8472
21.9219,14.8787
21.972,14.9138
22.022,14.9525
22.0721,14.9949
22.1221,15.0409
22.1722,15.0905
22.2222,15.1437
22.2723,15.2006
22.3223,15.2611
22.3724,15.3252
22.4224,15.3929
22.4725,15.4643
22.5225,15.5393
22.5726,15.6179
22.6226,15.7001
22.6727,15.786
22.7227,15.8754
22.7728,15.9685
22.8228,16.0653
22.8729,16.1656
22.9229,16.2696
22.973,16.3772
23.023,16.4884
23.0731,16.6033
23.1231,16.7217
23.1732,16.8438
23.2232,16.9696
23.2733,17.0989
23.3233,17.2319
23.3734,17.3685
23.4234,17.5083
23.4735,17.651
23.5235,17.7967
23.5736,17.9452
23.6236,18.0967
23.6737,18.2512
23.7237,18.4085
23.7738,18.5688
23.8238,18.7319
23.8739,18.898
23.9239,19.067
23.974,19.239
24.024,19.4138
24.0741,19.5916
24.1241,19.7723
24.1742,19.9559
24.2242,20.1425
24.2743,20.3319
24.3243,20.5243
24.3744,20.7196
24.4244,20.9178
24.4745,21.119
24.5245,21.323
24.5746,21.53
24.6246,21.7399
24.6747,21.9527
24.7247,22.1684
24.7748,22.3871
24.8248,22.6087
24.8749,22.8332
24.9249,23.0606
24.975,23.2909
25.025,23.5242
25.0751,23.7604
25.1251,23.9994
25.1752,24.2415
25.2252,24.4864
25.2753,24.7343
25.3253,24.985
25.3754,25.2387
25.4254,25.4953
25.4755,25.7549
25.5255,26.0173
25.5756,26.2827
25.6256,26.551
25.6757,26.8222
25.7257,27.0964
25.7758,27.3734
25.8258,27.6534
25.8759,27.9363
25.9259,28.2221
25.976,28.5108
26.026,28.8025
26.0761,29.0971
26.1261,29.3946
26.1762,29.695
26.2262,29.9983
26.2763,30.3046
26.3263,30.6137
26.3764,30.9258
26.4264,31.2409
26.4765,31.5588
26.5265,31.8797
26.5766,32.2034
26.6266,32.5301
26.6767,32.8597
26.7267,33.1881
26.7768,33.5073
26.8268,33.8171
26.8769,34.1175
26.9269,34.4086
26.977,34.6902
27.027,34.9625
27.0771,35.2254
27.1271,35.4789
27.1772,35.723
27.2272,35.9577
27.2773,36.1831
27.3273,36.399
27.3774,36.6056
27.4274,36.8028
27.4775,36.9906
27.5275,37.169
27.5776,37.3381
27.6276,37.4977
27.6777,37.648
27.7277,37.7889
27.7778,37.9204
27.8278,38.0425
27.8779,38.1552
27.9279,38.2586
27.978,38.3526
28.028,38.4371
28.0781,38.5123
28.1281,38.5781
28.1782,38.6346
28.2282,38.6816
28.2783,38.7193
28.3283,38.7475
28.3784,38.7664
28.4284,38.7759
28.4785,38.7761
28.5285,38.7668
28.5786,38.7482
28.6286,38.7201
28.6787,38.6827
28.7287,38.6359
28.7788,38.5797
28.8288,38.5141
28.8789,38.4392
28.9289,38.3549
28.979,38.2611
29.029,38.158
29.0791,38.0455
29.1291,37.9245
29.1792,37.8013
29.2292,37.677
29.2793,37.5517
29.3293,37.4254
29.3794,37.2979
29.4294,37.1695
29.4795,37.04
29.5295,36.9094
29.5796,36.7779
29.6296,36.6452
29.6797,36.5115
29.7297,36.3768
29.7798,36.2411
29.8298,36.1043
29.8799,35.9664
29.9299,35.8275
29.98,35.6876
30.03,35.5466
30.0801,35.4045
30.1301,35.2615
30.1802,35.1173
30.2302,34.9722
30.2803,34.826
30.3303,34.6787
30.3804,34.5304
30.4304,34.3811
30.4805,34.2307
30.5305,34.0792
30.5806,33.9267
30.6306,33.7732
30.6807,33.6187
30.7307,33.463
30.7808,33.3064
30.8308,33.1487
30.8809,32.9899
30.9309,32.8302
30.981,32.6693
31.031,32.5074
31.0811,32.3445
31.1311,32.1805
31.1812,32.0155
31.2312,31.8495
31.2813,31.6824
31.3313,31.5142
31.3814,31.345
31.4314,31.1748
31.4815,31.0035
31.5315,30.8312
31.5816,30.6578
31.6316,30.4834
31.6817,30.3058
31.7317,30.1179
31.7818,29.919
31.8318,29.7093
31.8819,29.4886
31.9319,29.257
31.982,29.0145
32.032,28.7658
32.0821,28.522
32.1321,28.2838
32.1822,28.051
32.2322,27.8238
32.2823,27.6021
32.3323,27.386
32.3824,27.1753
32.4324,26.9702
32.4825,26.7706
32.5325,26.5765
32.5826,26.388
32.6326,26.2049
32.6827,26.0274
32.7327,25.8554
32.7828,25.689
32.8328,25.528
32.8829,25.3726
32.9329,25.2227
32.983,25.0783
33.033,24.9394
33.0831,24.8061
33.1331,24.6782
33.1832,24.5559
33.2332,24.4392
33.2833,24.3279
33.3333,24.2222
33.3834,24.122
33.4334,24.0273
33.4835,23.9384
33.5335,23.8551
33.5836,23.7774
33.6336,23.7054
33.6837,23.639
33.7337,23.5783
33.7838,23.5232
33.8338,23.4738
33.8839,23.43
33.9339,23.3918
33.984,23.3593
34.034,23.3325
34.0841,23.3113
34.1341,23.2958
34.1842,23.2859
34.2342,23.2816
34.2843,23.283
34.3343,23.2901
34.3844,23.3028
34.4344,23.3211
34.4845,23.3451
34.5345,23.3747
34.5846,23.41
34.6346,23.451
34.6847,23.4975
34.7347,23.5498
34.7848,23.6076
34.8348,23.6712
34.8849,23.7403
34.9349,23.8152
34.985,23.8956
35.035,23.9818
35.0851,24.0735
35.1351,24.1709
35.1852,24.274
35.2352,24.3827
35.2853,24.4971
35.3353,24.6171
35.3854,24.7427
35.4354,24.874
35.4855,25.011
35.5355,25.1535
35.5856,25.3018
35.6356,25.4557
35.6857,25.6195
35.7357,25.8136
35.7858,26.0406
35.8358,26.2825
35.8859,26.5277
35.9359,26.7762
35.986,27.028
36.036,27.2831
36.0861,27.5414
36.1361,27.8031
36.1862,28.0681
36.2362,28.3364
36.2863,28.608
36.3363,28.8828
36.3864,29.161
36.4364,29.4425
36.4865,29.7273
36.5365,30.0153
36.5866,30.3067
36.6366,30.6014
36.6867,30.8993
36.7367,31.2006
36.7868,31.5052
36.8368,31.813
36.8869,32.1242
36.9369,32.4386
36.987,32.7564
37.037,33.0775
37.0871,33.4018
37.1371,33.7295
37.1872,34.0604
37.2372,34.3947
37.2873,34.7322
37.3373,35.073
37.3874,35.4172
37.4374,35.7646
37.4875,36.1154
37.5375,36.4694
37.5876,36.8267
37.6376,37.1874
37.6877,37.5513
37.7377,37.9185
37.7878,38.2891
37.8378,38.6629
37.8879,39.04
37.9379,39.4204
37.988,39.8042
38.038,40.1887
38.0881,40.5664
38.1381,40.9366
38.1882,41.2993
38.2382,41.6545
38.2883,42.0023
38.3383,42.3434
38.3884,42.6817
38.4384,43.0179
38.4885,43.352
38.5385,43.6839
38.5886,44.0137
38.6386,44.3413
38.6887,44.6668
38.7387,44.9902
38.7888,45.3114
38.8388,45.6305
38.8889,45.9474
38.9389,46.2622
38.989,46.5749
39.039,46.8854
39.0891,47.1938
39.1391,47.5
39.1892,47.8041
39.2392,48.1061
39.2893,48.4059
39.3393,48.7036
39.3894,48.9991
39.4394,49.2926
39.4895,49.5838
39.5395,49.8729
39.5896,50.1599
39.6396,50.4448
39.6897,50.7275
39.7397,51.008
39.7898,51.2855
39.8398,51.5545
39.8899,51.8139
39.9399,52.0639
39.99,52.3043
40.04,52.5353
40.0901,52.7568
40.1401,52.9688
40.1902,53.1713
40.2402,53.3643
40.2903,53.5479
40.3403,53.7219
40.3904,53.8865
40.4404,54.0415
40.4905,54.1871
40.5405,54.3232
40.5906,54.4498
40.6406,54.567
40.6907,54.6746
40.7407,54.7728
40.7908,54.8614
40.8408,54.9406
40.8909,55.0103
40.9409,55.0705
40.991,55.1212
41.041,55.1624
41.0911,55.1942
41.1411,55.2164
41.1912,55.2292
41.2412,55.2324
41.2913,55.2262
41.3413,55.2105
41.3914,55.1854
41.4414,55.1507
41.4915,55.1065
41.5415,55.0529
41.5916,54.9897
41.6416,54.9171
41.6917,54.835
41.7417,54.7434
41.7918,54.6423
41.8418,54.5317
41.8919,54.4117
41.9419,54.2821
41.992,54.1431
42.042,53.9946
42.0921,53.8366
42.1421,53.6691
42.1922,53.4921
42.2422,53.3056
42.2923,53.1096
42.3423,52.9042
42.3924,52.6892
42.4424,52.4648
42.4925,52.2309
42.5425,51.9875
42.5926,51.7346
42.6426,51.4723
42.6927,51.204
42.7427,50.935
42.7928,50.6653
42.8428,50.3948
42.8929,50.1237
42.9429,49.8519
42.993,49.5794
43.043,49.3062
43.0931,49.0322
43.1431,48.7576
43.1932,48.4823
43.2432,48.2063
43.2933,47.9295
43.3433,47.6521
43.3934,47.374
43.4434,47.0952
43.4935,46.8156
43.5435,46.5354
43.5936,46.2545
43.6436,45.9729
43.6937,45.6905
43.7437,45.4075
43.7938,45.1238
43.8438,44.8393
43.8939,44.5541
43.9439,44.2673
43.994,43.9787
44.044,43.6885
44.0941,43.3965
44.1441,43.1028
44.1942,42.8074
44.2442,42.5103
44.2943,42.2114
44.3443,41.9109
44.3944,41.6086
44.4444,41.3046
44.4945,40.9989
44.5445,40.6915
44.5946,40.3823
44.6446,40.0715
44.6947,39.7589
44.7447,39.4446
44.7948,39.1286
44.8448,38.8108
44.8949,38.4914
44.9449,38.1702
44.995,37.8473
45.045,37.5227
45.0951,37.1964
45.1451,36.8702
45.1952,36.5944
45.2452,36.3752
45.2953,36.1567
45.3453,35.9341
45.3954,35.7076
45.4454,35.4771
45.4955,35.2426
45.5455,35.0041
45.5956,34.7616
45.6456,34.5152
45.6957,34.2648
45.7457,34.0104
45.7958,33.7533
45.8458,33.5067
45.8959,33.2742
45.9459,33.0558
45.996,32.8515
46.046,32.6612
46.0961,32.4851
46.1461,32.323
46.1962,32.175
46.2462,32.0412
46.2963,31.9213
46.3463,31.8156
46.3964,31.724
46.4464,31.6464
46.4965,31.583
46.5465,31.5336
46.5966,31.4983
46.6466,31.4771
46.6967,31.47
46.7467,31.4723
46.7968,31.4704
46.8468,31.4636
46.8969,31.4517
46.9469,31.4348
46.997,31.4129
47.047,31.3859
47.0971,31.3558
47.1471,31.3262
47.1972,31.2972
47.2472,31.2689
47.2973,31.2412
47.3473,31.2141
47.3974,31.1876
47.4474,31.1617
47.4975,31.1365
47.5475,31.1119
47.5976,31.0879
47.6476,31.0646
47.6977,31.0419
47.7477,31.0198
47.7978,30.9983
47.8478,30.9775
47.8979,30.9573
47.9479,30.9377
47.998,30.9187
48.048,30.9004
48.0981,30.8827
48.1481,30.8656
48.1982,30.8492
48.2482,30.8333
48.2983,30.8181
48.3483,30.8036
48.3984,30.7896
48.4484,30.7763
48.4985,30.7636
48.5485,30.7515
48.5986,30.7401
48.6486,30.7292
48.6987,30.719
48.7487,30.7095
48.7988,30.7005
48.8488,30.6922
48.8989,30.6845
48.9489,30.6775
48.999,30.671
49.049,30.6652
49.0991,30.66
49.1491,30.6555
49.1992,30.6515
49.2492,30.6482
49.2993,30.6456
49.3493,30.6435
49.3994,30.6421
49.4494,30.6413
49.4995,30.6411
49.5495,30.6415
49.5996,30.6426
49.6496,30.6443
49.6997,30.6467
49.7497,30.6496
49.7998,30.6532
49.8498,30.6574
49.8999,30.6622
49.9499,30.6677
50,0
