5000 1
5 
-10 
7 
5 
-9 
10 
-4 
1 
10 
-6 
-8 
-10 
5 
-3 
-9 
-7 
8 
-2 
-1 
3 
10 
-1 
1 
3 
2 
4 
10 
1 
5 
6 
-5 
8.08673e-09 
2 
-9 
-4 
6 
4 
-2 
7 
-1 
4 
1 
-10 
-8 
6 
5 
5 
4 
-7 
3 
8 
3 
3 
-6 
-9 
5 
-1 
4 
9 
-5 
9 
-3 
-7 
-1 
4 
-8 
7 
9 
-8 
-9 
8 
4 
6 
4 
-4 
-10 
4 
-7 
1 
-7 
8 
3 
-9.17987e-08 
4 
-8 
-7 
4 
-3 
-10 
10 
-5 
-3 
8 
-7 
7 
-8 
-9 
5 
-8 
-4 
9 
-5 
-7.84198e-08 
3 
-1 
9 
-2 
-6 
7 
9 
-4 
9 
7 
10 
6 
-5 
2 
1.77858e-07 
-5 
-2 
-2 
-6 
-1 
-8 
8 
5 
2 
2 
-10 
7 
-4 
3 
-9 
-7 
1 
-10 
-8 
-7 
-9 
6 
7 
-6 
5 
-10 
-3 
-6 
-3 
6 
3 
-3 
-8 
5 
10 
4 
5 
6 
5 
3 
-9 
-3 
10 
7.17754e-08 
6 
-9.50091e-08 
6 
-1.10003e-07 
-10 
1 
4 
-8 
-2 
9 
1 
5 
7 
-10 
-7 
-10 
-5 
6 
-9 
-7 
-3 
7 
-4 
1.57738e-07 
-10 
-1 
-8 
-6 
-4 
3 
-10 
4 
5 
3 
2 
9 
-5.34629e-08 
-1 
-2 
6 
7.37834e-10 
9 
-5 
9 
-8 
-10 
-9 
5 
-1 
-1 
6 
-7 
4 
5 
-5 
-2 
8 
-10 
-1 
8 
3 
5 
-6 
7 
-8 
-6 
5 
3 
5 
5 
4 
-2 
1 
-1 
6 
-5 
-6 
8 
-3 
2 
-3.87692e-09 
-7 
-4 
8 
-2 
-4 
1 
10 
-10 
1 
-4 
-1.4427e-08 
3 
-10 
9 
3 
-8 
1 
-5 
1.48773e-07 
-10 
-8 
5 
10 
-7 
6 
-10 
1 
-6 
9 
7 
1 
-2 
-10 
-3 
7 
8 
5 
10 
5 
-6 
-8 
10 
3.21012e-08 
2 
-8 
-1 
10 
5 
9 
-8 
7 
-1 
-7 
-9 
-8 
4 
-5 
5 
-8 
-3 
8 
-9 
10 
-4.20916e-09 
-3 
-7 
7 
-3 
-1 
7 
-4 
6 
7 
2 
-3.86734e-08 
1 
-2 
-2 
3 
-9 
-4 
-1 
8 
-7 
9 
-1 
6 
3 
-10 
9 
-6 
-9 
-5 
-8 
-6 
-6 
-2 
-10 
-7 
9 
-2 
-4 
-5 
6 
3 
-8 
-4 
3 
-10 
8 
-4 
-1 
-9 
-5 
-9 
-4 
6 
-6.95256e-08 
-6 
-1 
-2 
-4 
-9 
4 
-10 
3 
-10 
-3 
-1 
-8 
6 
3 
10 
3 
-5 
-3 
-5 
-7.07308e-08 
7 
1.00648e-09 
-8 
6 
1 
-7 
6 
-3 
4 
5 
5 
-10 
1 
2 
-7 
7 
10 
-7 
8.90128e-08 
-6 
9 
-1 
10 
-9 
5 
6 
7 
5 
9 
2 
3 
10 
-5 
5 
-2 
-10 
1 
-1 
4 
6 
6 
1 
8 
10 
-2 
5 
-5 
6.09223e-08 
5 
-8 
-10 
4 
-10 
-10 
-1 
10 
-5 
8 
7 
1 
10 
-10 
2 
8 
10 
-4 
-3 
2 
-5 
6 
-3 
-1 
-3 
-7 
10 
5 
-6 
-2.63288e-08 
-1 
7 
4 
9 
-2 
3 
4 
4 
1 
-10 
-7 
4 
-5 
9 
3 
1 
7 
2 
1 
-8 
-4 
10 
-2 
10 
-5 
-3 
9 
6 
5 
8 
7 
-8 
-9 
1 
-3 
6 
6 
4 
6 
3 
-1 
-3 
5 
-6 
-10 
4 
2 
5 
-10 
-7 
3 
9 
6 
-4 
2 
2 
4 
-10 
-7 
-6 
9 
3 
-5 
-3 
10 
-6 
-8 
9 
-8 
-3 
10 
-7 
-10 
-2 
6 
10 
1.54621e-08 
5 
-4 
-9 
1 
-1 
2 
6 
9 
3 
-8 
6 
8 
-5 
-7 
10 
3 
10 
-8 
4 
9 
9 
-7 
-4 
-2.33482e-08 
5 
-3 
10 
-9 
8.18202e-08 
-7 
-5 
5 
1 
-1 
-1 
-4 
-3 
10 
6 
-7 
7 
-1 
-6 
3.99106e-09 
-10 
-6.31996e-08 
-7 
-8 
2 
9 
-3 
8 
4 
-1 
5 
-2 
-9 
-10 
1 
10 
-7 
8 
-2 
1 
-7 
-9 
-4 
6 
2 
8 
-1 
-8 
10 
-7 
-5 
-1 
-9 
1 
-5 
9.54194e-09 
-7 
2 
4 
7 
-6.05164e-08 
4 
3 
-10 
-10 
2 
-1 
-7 
-6 
-4 
-8 
3 
-3 
4 
1 
7 
2 
-1 
5.48638e-08 
-3.42128e-08 
-3 
7 
3 
9 
9 
-3 
2 
7 
8 
-9 
9 
9 
-1 
-6 
3 
-8 
5 
-6 
-7 
7 
-6 
-2.02122e-09 
-4 
-1 
-2 
1 
-4 
8 
-7 
1 
-3 
2 
9 
1 
1 
7 
8 
7 
10 
3 
-2 
3 
-7 
-7 
-7 
9 
3 
-3 
-9 
-2 
-4 
-8 
-2.7115e-08 
-2 
-9 
-8 
-1 
-10 
1 
3 
-7 
-4.50426e-08 
5 
6 
2 
-4 
1 
3 
4 
9 
1 
-4 
3 
-1 
-9 
7 
5 
-3 
8 
5.0173e-08 
9 
8 
5 
-5 
7 
-6 
-6 
7 
-7 
-2 
1 
-6 
-4 
9 
10 
10 
-5.11603e-08 
9 
-3 
-7 
-1 
-2 
-8 
-2 
8 
8 
-8 
6 
-5 
3 
-2 
-3 
8 
2 
-10 
-7 
2 
4 
-8 
6 
-5 
4 
-3 
-6 
-4 
-5 
2 
9 
6 
-7 
5 
5 
7 
-8 
4 
3 
-3 
9 
-4 
4 
-8 
-3 
-8 
-4 
1 
3 
2 
-10 
-5 
-1 
7 
2 
1 
7 
-6 
-2 
-9 
-6 
-8 
-7 
-3 
2 
3 
-10 
1 
7 
-5 
9 
-1 
5 
-1.46188e-07 
-4 
8 
-4 
-1.69839e-07 
-9 
-9 
10 
1.05456e-07 
4 
8 
-1 
1 
-3 
6 
2 
6 
5 
1 
-6 
7 
8 
-7 
-1 
-8 
-3 
6 
2 
1 
-1 
8 
-10 
-5 
2 
4 
8 
-9 
-7 
1 
-9 
-8 
3 
-4 
4 
4 
-1 
-8.27576e-08 
2 
-10 
-1.55819e-07 
6 
10 
-8 
-3 
-2 
4 
4 
1 
7 
3 
-10 
-5 
-7 
-6 
1 
4 
-1.58033e-08 
7 
-3 
-4 
9 
7 
-6 
-3 
1 
5 
-3 
3 
-4 
4 
9 
5 
-4 
4 
-2 
-8 
1 
-3 
7 
8 
-6 
9 
6 
-5 
10 
-8 
1 
-9 
3 
-9 
-1 
-7 
-5 
1 
3 
-10 
-7 
7 
1 
-4 
-2 
1 
-2 
-1 
6 
-1.32389e-08 
-2 
9 
-2 
3.23738e-08 
-7 
-2 
-8 
-8 
6 
5 
2 
10 
-7 
-5 
3 
8 
10 
-1 
1 
-9 
-10 
-9 
-10 
-3 
4 
5 
3 
-3 
5 
1 
-1 
10 
-9 
2 
4 
10 
8 
-6 
-6 
10 
-7 
-9 
-6 
-5 
-6 
5 
6 
7 
-9 
2 
-10 
9.18882e-08 
-5 
10 
2 
-3 
-6 
-6 
5 
6 
3 
4 
9 
5 
-1 
-5 
9 
-2 
-7 
-3 
4.9379e-08 
-5 
-2 
-2 
5 
6 
-6 
1 
10 
-8 
5 
-3 
-10 
6 
5 
-1 
8 
9 
-1 
2 
-3 
9 
-1 
10 
-2 
2 
4 
4 
8 
-9 
4 
3 
5 
10 
-8 
6 
-1 
-1 
-8 
9.88047e-08 
8 
1 
3 
-2 
2 
-2 
-2 
2 
-8 
-10 
-7 
5 
-4.42782e-08 
-7 
4 
10 
-1 
3 
4 
8.10936e-08 
6 
4 
9 
6 
4 
-5 
-1 
10 
1 
7 
3 
-5 
1.20557e-07 
-10 
-3 
8 
9 
-6 
8 
1.78689e-08 
6 
-6 
-7 
6 
1 
6 
4 
6 
-3 
-2 
3 
1 
-10 
9 
-1 
-2 
9 
-8 
-9 
3 
-8 
7 
4 
-1 
-9 
-1 
1 
10 
-9 
6 
7 
-5 
-3 
-2 
7 
6 
-6 
9 
6 
-8 
6 
-10 
-1.2693e-07 
-9 
-7 
-7 
4 
-10 
7 
-10 
-6 
3.19404e-08 
-7 
2 
5 
-7 
4 
-10 
9 
-5 
-7 
9 
-2 
-2 
-6 
-2 
2 
7 
-2 
8 
1 
5.97016e-08 
5 
-3 
9 
-10 
-4 
9 
-3 
-10 
-4 
-3 
-5 
-2 
5 
1 
-2 
3 
-7 
4 
-2 
7 
6 
10 
-6 
7 
6 
-8 
10 
-5 
3 
-6 
-1.90157e-07 
-5 
-1.1106e-07 
2 
-1.85524e-08 
3 
-10 
-2.15344e-08 
8 
-4 
1.02335e-07 
-4 
9 
4 
1 
-8 
-5 
-10 
10 
4 
-5 
8 
-1 
-8 
4 
-1 
-10 
-2 
3 
10 
-3 
1 
7 
7 
7 
-10 
6 
-8 
-6 
5 
6 
-5 
10 
1 
-1.1277e-07 
-8 
-4 
5 
-2 
-8 
2.11597e-08 
-10 
-5 
6 
2 
-1 
-9 
-9 
4 
-3 
9 
2 
-7 
-2 
7 
8 
-10 
9 
-8 
8 
-6.10853e-08 
7 
-2 
-5 
4 
-1 
-8.13984e-08 
10 
5 
10 
1 
-2 
5 
-2 
9 
1.29584e-07 
1.09063e-07 
-2 
4 
-7 
5 
-2 
-9 
1 
-1 
8 
6 
-10 
-2 
2 
10 
9 
5.50379e-09 
1 
-3 
-4 
-10 
-10 
4 
9 
-10 
10 
6 
-8 
-9 
9 
-4 
-7 
6 
10 
8 
5 
2 
7 
8 
-1 
6 
1 
2 
-3.98182e-08 
-2 
-4 
-9 
-3 
9 
-7 
5 
4 
-3 
-5 
9 
3 
-7 
-4 
-10 
-8 
7 
6 
1 
8 
2 
3 
4 
8 
-6 
-6 
9 
9 
-1 
-2.47348e-08 
-1 
2 
4 
-8 
10 
-1 
1 
-7 
-2 
-9 
-5 
4 
6 
-4 
10 
9 
-4 
2 
2 
-1.49126e-07 
-2 
2 
-1 
9 
-10 
5 
-2 
2 
6 
5.19705e-08 
-9 
-9 
-9 
5 
-8 
7 
7 
3 
-6 
-6 
-1 
-8 
1 
-10 
-9 
-5 
-7 
-9 
4.14603e-08 
-9 
8 
3 
6 
3 
-8 
-7 
6 
3 
2 
-6 
2 
-2 
4 
3 
-10 
1 
1.13652e-07 
9 
6 
-3 
10 
5 
6 
8 
-10 
2 
8 
-7 
-9 
-6 
-9 
-9 
-7 
-1 
10 
8 
2 
-3 
-5 
-1 
-2 
-2 
4 
2 
9 
-8 
5 
-1 
-3 
9 
-8 
-1 
4 
-6 
1 
-3 
9 
9 
9 
-9 
2 
4 
4.68042e-08 
-4 
-2 
-3 
9 
-8 
-7 
7 
4 
-3 
-2 
-3 
6 
6 
7 
4 
-3 
-9 
-9 
2 
8 
-1 
1 
-9 
-1 
10 
-9 
-9 
9 
9 
-4 
1.84062e-08 
7 
8 
5 
-5 
7 
9 
7 
3 
10 
-6 
-4 
3 
1 
-1 
1 
-9 
-4 
5 
10 
-1 
8 
-5 
-4 
7 
-2 
-5 
3 
-10 
-7 
4 
-3 
-2 
-5 
-8 
1 
10 
-3 
5 
-5 
7 
2 
-7 
-10 
8 
-5 
-10 
-5 
1 
-8 
4 
5 
2 
2 
-5 
-5 
-6 
5 
2 
8 
-6 
10 
5 
-7 
-5 
5 
-8 
-7 
-3 
-5 
9 
3 
-10 
-9 
-6 
-10 
-5 
6 
-7 
1 
-9 
4 
5 
-2 
-8 
4 
-10 
-3 
10 
9 
5 
-10 
-4 
-1 
9 
10 
-2 
2 
-8 
7 
-8 
1 
-9 
-3.34856e-08 
-3 
3 
-1 
-2.13496e-08 
10 
-1.07556e-07 
7 
-3 
10 
4 
-6 
5 
-6 
5 
-8 
-3 
-3 
-5 
-2 
-1 
-5 
-5.9574e-08 
9 
7 
-6 
9 
-8 
6 
-9 
1 
-8 
8 
-2.63732e-08 
8 
1 
2 
-1 
4 
-4 
2.15705e-07 
-3 
-5 
5 
8 
-6 
5 
4 
7 
-4 
8 
-1 
-9 
3 
-8 
-2 
-10 
-7 
8 
-5 
-10 
-4.71187e-08 
4 
4 
-2 
-6 
6 
-9 
-1 
-2 
1 
-9 
4 
-7 
10 
-3 
-4 
-2 
-9 
-10 
-4 
7 
4 
5 
-9 
-3 
-6 
7 
1 
10 
-5 
10 
5 
-3 
-1 
-10 
2 
5 
7 
9 
-10 
-8.6842e-08 
6 
10 
6 
8 
-3 
-9 
8 
-6 
-1 
9 
-3 
-5 
-10 
-5 
-1 
1 
8.73196e-09 
-8 
-5 
-5 
-7 
-7 
8 
5 
2 
7 
7 
-6 
9 
3.41714e-08 
-10 
-4 
-2 
9.42022e-08 
-9 
7 
4.46711e-08 
4 
10 
-2 
-1 
-4 
1 
10 
1 
8 
-7 
4 
9 
4 
-2 
-4 
-8 
-3 
-7 
5 
-3 
-7 
-7 
6.58759e-08 
6 
-1 
-6 
-2 
-10 
-7 
5 
-7 
4 
5 
-9 
-9 
9 
-9 
-9 
-9 
8 
-4 
5 
3.03458e-08 
9 
1 
9 
7 
8 
-8 
-2 
-7 
10 
-8 
4 
-6 
-8 
-5 
-8 
-10 
1.46492e-07 
9 
-2 
-9 
1 
-7 
-2 
8.02517e-08 
5 
2 
-2 
9 
-3 
-6 
-3 
2 
8 
-6 
8 
2 
9 
-2 
-5 
4 
-7 
3 
8 
8 
6 
6 
8 
-9 
7 
-8 
-1 
5 
-6 
8 
-9 
-6 
-3 
8 
2 
-6 
-7 
10 
8 
6 
10 
4 
-4 
-9 
6.29729e-08 
-5 
-10 
-10 
8 
-3 
-8 
4 
-2 
7 
5 
1.15986e-07 
-5 
6 
3 
-5 
10 
8 
-3 
-8 
-10 
-8 
-8 
2 
-6 
10 
-1 
-5.90398e-08 
-10 
-8 
1 
7 
-3 
-1.09971e-07 
4 
2 
8 
6 
-6 
-1 
8 
1 
5 
-2 
4 
-2 
10 
-9 
8 
7 
8 
-10 
8 
-6 
6 
3 
1.56571e-08 
-6 
-10 
-3 
-3 
8 
8 
9 
8 
3 
10 
9 
4 
-5 
-6 
-10 
1 
-4 
-2.51528e-08 
8 
-3 
4 
6 
1 
10 
-5 
-6 
-6 
-9 
-2 
-2 
3 
2 
7 
5 
7 
-7 
-9 
-8 
-5 
10 
-1 
-2 
1 
6 
7 
8 
-8 
2 
-9 
-5 
10 
-10 
-8 
10 
8.8132e-09 
-9.40145e-08 
-10 
-1 
4 
1.87581e-07 
-7 
4 
1 
-8 
5 
-4.78177e-08 
-2 
5 
3 
-9 
-5 
-4 
-5 
-9.07684e-08 
7 
-6 
-9 
-2 
-4 
5 
-6 
2 
-4 
9 
7 
-4 
2 
-3 
-3 
-7 
-7 
5 
6 
2 
7 
5 
-1 
5 
8 
1 
7.37466e-08 
-1 
8 
-9 
8 
9 
10 
9 
3 
-5 
-6 
-2 
-3 
6.40262e-09 
3 
10 
-5 
-2 
-8 
-2 
1.35308e-07 
-1 
-1 
10 
3 
-8 
-8 
1 
3 
-2 
10 
-2 
9 
5 
8 
-9 
3 
-3 
9 
10 
-10 
2 
-10 
10 
8 
1 
7 
-5 
2 
2 
2 
-5 
-9 
1 
10 
-7 
4 
-8 
-2 
9 
4 
-7 
-7 
-3 
-4 
10 
8 
10 
8 
10 
1 
-5 
7 
1 
-5 
9 
6 
-1 
-8 
-2 
6 
-8 
-3 
-10 
10 
10 
-2 
-5 
-9 
-6 
10 
-9 
7 
9 
-5 
-6.77009e-08 
5 
2 
-9 
-3 
-10 
-6 
8 
2 
-6 
-6 
9 
-9 
-1 
3 
-1 
9 
-2 
5 
9 
-7 
-5 
-6 
-10 
7 
-6 
9 
1 
9 
-8 
5 
3 
-7 
-3 
4 
2 
9 
-4 
-6 
9 
-7 
8 
-6 
9 
-5 
7 
-8 
2 
10 
-7 
1 
-6 
-3 
-10 
7 
-1 
6 
1 
-5 
2 
2 
10 
4 
5 
8 
6.60983e-08 
-4 
-4 
-10 
4 
2 
10 
-3 
-9 
-10 
-4 
-6 
4 
3 
3 
7 
-8 
6 
-2 
2 
-10 
-1 
-1 
-9.97152e-08 
8 
-5 
-6 
3 
8 
-6 
1.35562e-07 
-7.01282e-08 
2 
-2 
9.85296e-08 
-9 
-8 
8 
-6 
-3.32095e-08 
-1 
-2 
4 
5 
-2 
4 
6 
-1 
4 
-8 
9 
-9 
8 
1 
9 
7 
5 
1 
1 
3 
5 
-3 
-6 
2.86043e-08 
-1.25926e-07 
-5 
-4 
2 
5 
10 
9 
-4.3122e-08 
10 
-8 
-1 
8 
10 
7 
6 
-10 
-6 
-7.00608e-08 
-9 
-10 
9.97672e-08 
10 
6 
-6 
4 
2 
3 
6 
2 
7 
8 
-2 
5 
6 
-4 
6 
-5 
10 
-10 
2 
4 
-7 
4 
5 
-4 
8 
6 
2 
1 
-6 
-1 
-7 
-2 
-9 
-3 
4 
7 
-2 
1 
6 
4 
10 
2 
3 
-5 
-10 
-5 
-10 
-4.83963e-08 
-8 
1 
-6 
3 
6 
4 
4 
3.03847e-08 
-5 
-6 
-2 
10 
-2 
4 
-3 
9 
5 
-4 
3.24167e-08 
10 
8 
-1 
-4 
4 
-7 
2 
-6 
9 
7 
-10 
8 
-4 
4 
-9 
-4 
8 
-1.02833e-07 
5 
2 
-2 
2 
3 
-10 
-9 
4 
-10 
-3.66953e-08 
8 
3 
6 
-5 
-10 
-9 
9 
-2 
-2 
-9 
2 
-10 
1 
-5 
-9 
5 
-2 
6 
10 
1.10438e-08 
-6 
4 
10 
1 
-2 
9 
-1.59206e-07 
-1 
-5 
5 
-4 
9 
-6 
3 
3 
9 
-2 
6 
4 
-3 
3 
7 
7 
-4 
-2.77485e-08 
1 
8 
-5 
-7 
8 
1 
-4 
-7 
-7 
-1 
-10 
-4 
-4 
9 
-4 
-1 
9 
10 
8 
-3 
-1 
-7 
-2 
-8.44217e-08 
-5 
-2 
10 
6 
2 
-7 
7 
-7 
10 
-5 
6 
-3 
-1 
9 
-2 
-6 
-8 
-10 
4 
9 
8 
-9 
-9 
2 
9 
-5 
6 
-10 
-8 
7 
5 
5 
-10 
-6 
-4 
8 
4 
-4 
-9 
5 
4 
8 
8 
7.76112e-08 
1 
-6 
7 
-10 
-7 
7 
-5 
-4 
-4 
5 
-6 
5 
9 
-9 
8 
1.12238e-07 
3 
10 
-3 
-4 
-2 
10 
-1 
4 
4 
7 
5 
6 
8 
-1 
-9 
1 
3 
5 
-6 
5 
-9 
-9 
-4 
-10 
6 
-9 
5 
-9 
8 
-3 
1 
8 
-2 
-8 
5 
-2 
6 
8 
-6 
-10 
6 
-6 
-9 
7 
6 
-6 
-1.32622e-07 
6 
7 
-1 
7 
3 
4 
1 
-2 
-10 
-9 
2 
9 
-1 
3 
-6 
-10 
9 
2 
9 
2 
1 
7 
-9 
-2 
-4 
-8 
3 
-5 
9 
-8.1195e-08 
-6 
4 
-8 
2 
-8 
-4 
-4 
2 
5 
10 
-1 
1 
3 
6 
5 
-5 
9 
-7 
-10 
-10 
-4 
5 
-4 
8 
7 
9 
-1 
-5 
7 
8 
10 
5 
4 
3.73536e-08 
6 
-3 
6 
7 
2 
-8 
3 
-8 
-9 
-7 
-9 
6 
6 
5 
2 
7 
-8 
-9 
-1 
6 
-5 
4 
-8 
1 
2 
-8 
7.81506e-08 
-9 
-3 
-2.37385e-08 
3 
-8 
7 
5 
7 
-9 
-8 
7 
-2 
10 
-3 
-10 
9 
-2 
7 
6 
10 
-9 
9 
-6 
10 
9 
3 
-5 
-2 
-4.25806e-08 
2 
-5 
-2 
6 
5 
-6 
-1 
-1 
-6 
5 
7 
-2 
-10 
7 
-7 
-7 
9 
-10 
2 
-1 
9.21256e-08 
-8 
-2 
3.31807e-08 
-4 
3 
-6 
-7 
3 
-7 
7 
-8 
8 
9 
2 
-8 
-9 
1 
-1 
-9 
-6 
4 
8 
-6 
6 
-1 
-5 
3 
3 
10 
10 
-2 
4 
4 
7 
1 
-7 
7 
7 
-9 
8 
1 
9 
-3 
-8 
1 
-2 
-8 
7 
3 
10 
7 
8 
-8 
1 
-1.59312e-07 
-6 
-6 
10 
4.05795e-08 
-8.20745e-08 
-7 
5 
6 
-6 
-2 
-6 
9 
3 
4 
9 
6 
7 
3 
-3 
-6 
-8 
-5 
-3 
2 
-5 
2 
-9 
6 
2 
1.02111e-07 
-5 
3 
1 
1 
-2 
5 
-4 
1 
-1 
-7 
-8 
-3 
5 
-8 
6 
-10 
1 
6 
-7 
-3 
10 
-4 
4 
-6 
8 
-10 
-4 
2 
8 
-8 
1 
6 
6 
-7 
-2 
6 
-7 
9 
-1 
8 
7 
9 
2 
8 
1 
5 
-9 
3 
9 
4 
-2 
-10 
-7 
-8 
-8 
8 
-1 
-7 
-3 
-3.43992e-09 
1 
-5 
7 
4 
2 
-6 
4 
-7 
1.15031e-07 
-4 
-3 
-3 
5 
-9 
2 
-7 
-10 
-2 
9 
-8 
-2 
8 
6 
9 
-10 
3 
7 
10 
5 
4.65935e-08 
-1 
-3 
-4 
6 
-10 
-10 
5 
-9 
-4.80551e-08 
-5 
-7 
5 
2 
1 
10 
-9 
-2 
-9 
4 
2 
-7 
-3 
6 
6 
8 
10 
-5 
1 
-1 
-2 
7 
4 
-4 
-5.45746e-08 
-4 
-8 
8 
-9.37205e-08 
7 
2 
5 
3 
-9 
-2.21605e-08 
-4 
-4 
3 
5 
-9 
8 
4 
4 
-6 
-2 
-7 
10 
-5 
5 
-10 
1 
5 
-8 
-10 
4 
8 
7 
5 
1 
-7 
-8 
5 
-8 
-6 
5 
-9 
-10 
6 
7 
10 
-10 
-4 
-8 
-10 
9 
8 
-8 
-3 
-2 
7 
10 
-4 
8 
1 
-6 
-10 
-4 
5 
-4 
2 
-8 
7 
-1 
-3 
3 
-8 
-9 
9 
-3 
3 
-2 
10 
-5 
4 
-1 
-7 
-3 
-5.72532e-08 
2 
4 
-5 
4 
1 
-10 
-5 
10 
-7 
-5 
-9 
-7 
3 
-7 
-4 
7 
-8 
1.01443e-07 
6 
-3 
-5 
-8 
6 
-3 
5 
2 
8 
-7 
2 
-3 
4 
9 
9 
8.34022e-08 
-3 
8 
5 
6 
3 
-9 
9 
-10 
5 
10 
9 
-4 
-10 
-9 
4 
-4 
5 
-10 
6 
4 
9 
3 
-7 
-7 
4 
-8 
-5 
-8 
6 
8 
-1 
-5 
-8 
9 
8 
-6 
5 
3 
-1 
4 
-10 
1 
1 
1.16717e-07 
-6 
10 
-5 
-8 
1 
1.51231e-08 
-1 
-8 
3 
1 
3 
-2 
7 
-5 
-7 
-4 
-9 
-2 
-3 
-3 
-3 
-7 
10 
6 
-4 
-4 
1.48446e-09 
10 
5 
-10 
-5.21571e-08 
2 
-6 
5 
7 
1 
6 
8 
4 
-6 
2 
-8 
-4 
-7 
8 
-3 
10 
2 
7.29415e-08 
1 
1 
-2 
-2 
1 
-2 
-7 
-10 
-8 
-4 
10 
3 
8 
-6 
10 
3 
1 
-7 
-5 
9 
8 
-8 
9 
-2 
-6 
-1 
1 
3 
-3 
-9.40168e-09 
3 
-5 
-6 
1 
2 
5 
1 
-4 
8 
-9 
-6 
8 
-4 
-6 
-2 
-10 
-6.52554e-09 
3 
3 
-4 
9 
4 
-8 
-3 
8 
-9 
8 
7.36902e-08 
2 
9 
-9 
-8 
-10 
7 
-4 
-9 
3 
7 
4 
1 
-8 
-9 
3 
7 
-5 
6 
-7 
7 
-1.10034e-07 
9 
8 
10 
5 
-2 
7 
-5 
-7 
-4.17517e-08 
-4 
3 
-9 
7 
-4 
6 
3.70486e-08 
-1.96642e-07 
-2 
7 
-7 
-9 
-6 
8 
-1 
3 
6 
-8 
6 
2 
-8 
-7 
5 
9 
8 
6 
-1 
5 
-10 
-10 
-7.84443e-08 
-7 
-8 
-7 
6 
-2 
-2 
2 
8 
-7 
-6 
-8 
-5.1669e-08 
-8 
3 
-4 
-2 
3 
-6 
-3 
2 
-10 
-2 
4 
7 
-3 
-8 
-10 
6 
-5 
10 
-5 
2 
5 
-1 
10 
8 
-8 
-9 
3 
4 
-6 
-3 
4 
3 
-8 
-4 
7 
-6 
-2 
-5 
-1 
-3 
-7 
9 
5 
6 
7 
-7 
2 
-3.74738e-08 
-3 
-4 
10 
-9 
-10 
2 
2 
10 
-6 
9 
-7 
-6 
1 
9 
1 
-5 
5 
-1 
2 
-9 
-4 
-4 
-4 
6 
-9 
1 
4 
4 
6 
4 
-1 
-7 
4 
-7 
5 
-8 
1 
-4 
5.77786e-08 
4 
-6 
-5 
-1 
2 
1 
6.03968e-08 
1 
4 
10 
1 
-5 
1 
2 
6 
-4 
6 
-9 
-4 
-7 
-5 
7 
8 
5 
6 
-8 
-7 
-3 
-5 
3 
8 
-8 
-6 
6 
1 
-9 
9 
6 
6 
9 
5 
-3 
10 
-2 
-6 
-7.62158e-08 
1 
-8 
-4 
-3 
-9 
1 
1 
-9 
-6 
-7 
-1 
1 
-1 
2.74848e-09 
-8 
-6 
-9 
-3 
-10 
4 
2 
-6 
-8 
2 
3 
-6 
10 
7 
-7 
-2 
-9 
-8 
-8 
8 
-3 
-8 
6 
9 
-5 
-1 
3 
-1 
4 
10 
5 
1 
9 
5 
-10 
1 
-9 
-1 
-4 
-2 
-8 
6 
3 
5 
-7 
-8 
7 
-3 
-9 
3 
10 
-5 
-2 
-2 
6 
-3 
1.89205e-09 
10 
1 
-3 
-5 
-6 
-1 
-10 
2 
10 
7 
-9 
-6 
10 
8 
7 
6 
-8 
9 
7 
-1 
5 
-9 
3 
-2 
-1 
-10 
-3 
4 
7 
-7 
-5 
-3 
1 
-2 
1 
-1 
-10 
3 
8 
-2 
-5 
-4 
10 
3.96777e-08 
-6 
2 
8 
-1 
3.21947e-08 
6 
-2 
-3 
6 
6 
-2 
-6 
-3 
-2 
-4.31713e-08 
3 
8 
-6 
-7.0908e-08 
1 
6 
2 
3 
-10 
7 
6 
-3 
2 
-5 
-1.95983e-07 
-9 
1 
7 
8 
4 
6 
7 
-8 
-9 
-1 
2 
-3 
4 
-3.84911e-08 
-2 
-10 
-1 
3 
10 
7 
-5 
7 
-6 
-5 
10 
-10 
-10 
4 
-4 
9 
5 
4 
4 
2 
-9.5265e-09 
9 
-3 
-6 
2 
7 
10 
-2.72559e-07 
-5 
9 
2.22107e-08 
4 
8 
-2 
-7 
-3 
8 
-6 
1 
7 
5.86359e-08 
5 
7 
2 
-6 
-2 
-9 
1 
8 
-8 
-7 
-3 
7 
8 
2.28439e-08 
1 
-9 
-6 
3 
7.26656e-08 
4.42112e-08 
4 
4 
-2 
-10 
-3 
4 
-10 
1 
9 
4 
-8 
-8 
-3 
5 
1.52045e-08 
10 
-5 
-2 
-8 
6 
-9 
-5 
4 
-9 
1.1445e-07 
-1 
-9 
8 
-5 
-9 
-7 
4 
-2.34355e-08 
2 
-6.80016e-08 
9 
10 
3 
-8 
1 
9 
6 
-8.52047e-08 
-5 
4 
8 
3 
-9 
4 
-4 
1 
-9 
-10 
-3 
-6 
-5 
6 
-4 
4 
2 
1 
-2 
-6 
-6 
-7 
9.45778e-08 
8 
3 
10 
2 
-2 
3 
2 
-5 
-9 
-4 
4 
-2 
3 
-10 
-9 
-6 
3 
10 
7 
-4 
-2 
-5.72571e-09 
-1 
7 
2 
-6 
7 
5 
-1.6947e-08 
6 
9 
10 
-6 
2 
-1 
-6.68916e-09 
8 
-7.15586e-10 
-2 
1 
2 
3 
-8 
2 
-4 
-5 
-9 
8 
2 
8 
2 
8 
4 
-8 
7 
10 
-10 
2 
-6 
10 
-10 
9.49921e-08 
-9 
-10 
5 
8 
7 
-10 
-7 
3 
3 
-5 
-2 
8 
-5 
-1.26811e-08 
7 
-7 
9 
-3 
7 
-4 
2 
8.28182e-08 
4 
9 
-5 
4 
3 
-4 
6.02285e-08 
-5 
-8 
8 
-7 
5 
2 
7 
-9.32228e-08 
-3 
5 
5.98805e-09 
-2 
8 
-7 
-9 
2.05424e-08 
3 
-6 
-3.13649e-08 
-6 
-8 
5 
-1 
-5 
1 
-1 
8 
3 
-8 
-8 
8 
-9 
-1 
-7 
-6 
1.764e-07 
10 
-8 
-5 
10 
-6 
-7 
-10 
1 
-6 
5 
-1 
10 
4 
4 
-3 
3 
-9 
4 
4 
-1 
3 
-5 
8 
4 
7 
9 
2 
-2 
1 
6 
-10 
-6 
-10 
-9 
-4 
1 
4 
5 
8 
4 
8 
-7 
8 
-8 
-10 
9 
3 
-4 
-8 
8 
5 
-10 
6 
-2 
9 
7 
-2 
1 
-8 
-8 
-5 
2 
-3.08128e-08 
-6 
4 
10 
3 
6 
-3 
-2 
6 
-2 
-9 
6 
3 
7 
6 
7 
4 
-2.96818e-08 
-9 
-7 
4 
10 
9 
7 
7 
8 
-7 
-7 
6.27526e-08 
-5 
-5 
-7 
6 
-3 
5 
-1.1667e-07 
3 
4 
-10 
8 
2 
-1 
9 
-1 
-2 
6 
-6 
-5 
-1 
7 
7 
-10 
-9 
1 
2 
1 
-1 
-2 
-8 
-1 
5 
-2 
-3 
2 
-1 
-7 
-10 
8 
-10 
5 
-5 
5 
-3 
5 
4 
3.67693e-08 
-1 
-3 
9 
5 
-2 
-10 
-1 
-9 
6 
-6 
-10 
-8 
-5 
-5 
10 
-6 
5 
3 
10 
-8 
-9 
-8 
-4.49551e-08 
-1 
5 
-3 
-3 
7 
-4.89038e-08 
-2 
2 
10 
-6.99805e-08 
-8 
-7 
8 
-1 
9 
10 
-6 
-4 
7 
10 
-1 
-8 
3 
-1 
9 
9 
6 
2 
2 
4 
5 
1 
-9 
5 
1.9099e-08 
-1 
-9 
1 
8 
-1 
-1 
3 
-7 
-10 
2 
-6 
2 
-8 
8 
10 
-2 
-1 
-2 
1 
9.67293e-09 
-8 
2 
8 
-3 
-9 
-4 
1 
9 
6 
6 
2 
-8 
7 
-10 
5 
-2 
3 
-10 
-1 
-8 
1 
7.67851e-08 
-5 
1.84786e-09 
6 
-5 
4 
-5 
3 
7 
1 
-7 
9 
3 
-6 
7 
6 
2 
-5 
8 
10 
7 
-9 
4 
9 
-6 
-5 
1 
-8 
-4 
-10 
9 
-6.97195e-08 
-9 
-4 
-6 
4 
-2 
-7 
-3 
-3 
-9 
4 
-4 
-9 
-2 
-9 
3 
9 
7 
8 
2 
-2 
8 
-8 
-6 
-6 
-10 
8 
-1 
3 
-2 
-3 
5 
-1 
-9.97066e-09 
-7 
1 
-2 
-4 
-9 
9 
7 
-5 
-6 
-1 
6 
3 
-1 
-7.7039e-09 
9 
-6 
-1 
5 
8 
6 
-6 
8 
6 
6 
-7 
2 
5 
6 
-2 
7 
10 
1 
-1.0148e-08 
-1 
3 
-4 
5 
-2 
6 
9 
3 
7 
9 
-7 
-5 
9 
3 
6 
-8 
-9 
-9 
-1 
1 
2 
3 
-6 
1 
3 
-2.09533e-08 
-7.01502e-08 
10 
7 
9 
9 
10 
10 
9 
-10 
-6 
-10 
10 
7 
8 
-10 
-10 
9 
-10 
-7 
3 
7 
6 
4.58664e-08 
-3 
-10 
5 
2 
9 
8 
-10 
-3 
-5 
6 
-1 
2 
-2 
-2 
-10 
-5 
4 
-1 
-1 
9 
-2 
-6 
7 
-7 
4 
10 
3 
-7 
8 
5 
5 
5 
-9 
-8 
7 
-8 
4 
-7 
9 
-1 
-1.00494e-07 
-10 
4 
10 
-1 
3 
5 
-2 
-3 
9 
10 
7 
-8 
-6 
-3 
-5 
2 
-3 
10 
9 
10 
-7 
10 
-4 
2 
6 
-8 
1 
7 
-8 
7 
2.88347e-08 
3.99687e-08 
-10 
-8 
-7 
-1 
9 
-7 
-3 
4 
-9 
-5 
-9 
-3 
1 
-8 
-7 
7 
-1 
3 
2 
-7 
-3 
-7 
-1 
5 
10 
-10 
1 
-8 
-5 
-5 
-10 
7.18981e-08 
-1 
10 
9 
-4 
6 
2 
4 
-6 
6 
-5 
1 
-9 
3 
-9 
4 
1 
8 
5 
6 
-2 
9 
10 
4 
10 
-9 
-8 
-3 
-1 
-8 
6 
-3 
-9 
-8 
3 
-2 
-9 
2 
-10 
10 
6 
-8 
-7 
9 
10 
-8 
-2 
-6 
-4 
9 
-7 
2 
-10 
-4 
1 
4 
1.80625e-10 
-7 
7 
4.29259e-08 
-7 
-1 
-1 
-4 
5 
7 
-1.06384e-07 
7 
5 
-6 
4 
1 
-2 
10 
-8 
-8 
-5 
-7 
10 
-7 
9.87117e-09 
3 
4 
5 
5 
4 
8 
-9 
9 
-5 
9 
-4 
-6 
-1 
-6 
-2 
2.28568e-08 
5 
3.15953e-08 
-9 
-5 
1 
1.37128e-07 
2 
-10 
-2 
-8 
-7 
4 
9 
7 
1.31329e-08 
-10 
6 
-7 
-7 
6 
-5 
-8 
-3 
2 
8 
-5 
5 
5 
-8 
1 
5 
6 
8 
7 
2 
-2 
1 
1 
-3 
-5 
9 
10 
3 
9 
-1 
-3 
-1 
-6 
-1 
-4 
8 
8 
-5 
-4 
8 
10 
9 
6 
10 
10 
-4 
-5 
-8 
-9 
1.9085e-07 
2 
7 
-2 
-10 
-4 
-10 
10 
-8 
7 
6 
6 
1 
6 
-5 
6 
-1 
-6 
-2 
9 
5 
-2 
5 
4 
-3 
-5 
-5 
10 
-8 
-1 
6 
-4 
6 
-6 
5 
10 
7 
10 
-8 
-2 
-7 
4 
-1.07223e-07 
-4 
10 
-1 
-7 
-9 
10 
5 
-1.03631e-07 
-5 
-4 
-8 
-8 
-3 
6 
-10 
10 
-1 
-6.11882e-08 
-1 
-3 
3 
-3 
-3 
-2 
5 
3 
-1 
-7 
7 
-9 
4 
-1 
8 
-6 
1.94208e-07 
9 
-4 
-1 
-1 
-2 
-9 
-10 
-7 
-6 
-10 
-4 
7 
-2 
10 
-9 
10 
9 
-8 
1 
5.18966e-08 
2 
2 
10 
8 
5 
-3 
10 
1 
3 
10 
4 
-4 
4 
6 
-5 
-6 
-9 
-5 
-5 
5 
6 
-6 
-7 
-10 
1 
-10 
1 
1 
-7 
9 
-9 
-7 
-6 
4 
-1 
4 
1 
-4 
8 
8 
-2 
7.11934e-08 
-7.5185e-08 
-10 
-4 
2 
-6 
-9 
1 
5 
2 
-5 
-1 
1 
-10 
7 
2 
1 
-7 
3 
3 
-2 
4 
10 
10 
5 
-4 
-4.84836e-08 
2 
-3 
-10 
-9 
-7.9652e-09 
1 
-5 
9 
2 
-3 
3 
4 
-6 
5.32904e-08 
-1 
3 
-7 
5 
-3 
6 
-5 
4 
-4.88209e-08 
5 
4 
4 
-9 
1 
-5 
-4 
3 
-8 
8 
6 
4 
-2 
-5 
-4 
-9 
2 
5 
-6 
5 
-4 
-9 
7 
4 
-6 
-9 
2 
-5 
3.42327e-09 
1 
10 
-1 
-2 
5 
8 
2 
6 
-6 
3 
8 
-2 
8 
1 
6 
2 
-5 
-4 
-1 
-1 
-3 
-9 
4 
-3 
-10 
6 
-9 
5.48181e-08 
6 
-6 
-4 
-9 
1 
8.71154e-08 
3 
5 
9 
-9 
-8 
8.12874e-08 
-6 
-2 
6 
-5 
3 
2.48415e-08 
-8 
8.56974e-08 
6 
-6 
2 
-10 
4 
-4 
7 
5 
7 
-8 
9 
8 
1.33088e-07 
7 
-7 
-7 
3.1283e-08 
-3 
7 
-9 
7 
7 
4 
10 
5 
5 
-10 
-3 
1 
8 
9 
10 
-2 
9 
-6 
-4 
7 
2 
-4 
10 
-7 
6 
-7 
-1 
-4 
-5 
-7 
2 
8.70721e-08 
-9 
-10 
4 
-7 
1 
-1 
8 
2 
9 
-1 
-8 
6.7302e-08 
2 
-9 
-8 
3.8017e-09 
1 
3 
2 
-9 
-4 
8 
6 
2 
4 
-4 
-3 
9 
-9 
-1 
9 
-8 
8 
6 
3 
-10 
10 
-5 
-6 
-6 
-10 
-5 
-4 
7 
-9 
-6 
1 
-6 
-2 
-8 
1 
10 
-9 
-3 
-9 
-10 
-3 
3 
-8 
-9 
4 
-6 
-4 
-9 
-3 
5 
-10 
-1.0971e-07 
7 
-7 
3 
-10 
9 
7 
-2.22666e-09 
-5 
2 
10 
9 
-1 
-4 
10 
6 
9.08214e-08 
-3 
-2 
-1 
-3 
4 
8 
10 
1 
-8 
9 
8 
3 
-10 
3 
-4 
7 
-6 
-2 
-2 
10 
1 
5 
5 
-2 
-5 
8 
8 
8 
-3 
3 
1 
9 
9 
10 
8 
6 
9 
-8 
6.75189e-08 
4 
-2 
-6 
-7 
6 
1 
7 
-9 
5 
5 
7 
-2 
3 
3 
-5 
6 
8 
8 
-8 
-1.61601e-07 
-6 
10 
9 
-4 
-6 
-4 
2 
5 
3 
5 
-5 
-9 
-8.41387e-08 
-9 
4 
-10 
-3 
5 
-8 
-9 
10 
3 
3 
10 
1 
-7 
-4 
-2 
8 
5 
5 
1.07853e-07 
-9 
2 
10 
9 
-7 
-8 
-5 
8 
-3 
2 
-10 
-9 
5 
-6 
4 
3 
9 
7 
-7 
5 
1.23199e-08 
1 
4 
-7 
9 
8 
10 
9 
-6 
-5 
-1 
6 
2 
3 
3 
8 
-6 
-3 
2 
3 
-10 
7 
7 
-10 
3 
7 
-7 
10 
-3 
-2 
9 
5 
10 
5 
-8 
-6 
8 
-8 
3 
-8 
-8 
5 
-10 
2 
-4 
6 
10 
-7 
7 
-10 
-5 
-6 
-6 
7 
7 
-1 
-2 
-10 
-10 
-4 
2.99317e-08 
-7 
-9 
3 
4 
-10 
-3 
9 
-3 
5 
-6 
10 
4 
-10 
5 
1 
1 
2 
4 
4 
6 
-6 
-10 
1 
6 
-6 
-3 
-6 
8 
1 
-10 
8 
1 
2 
-5 
9 
8 
