1000 2
-30 -87122.5 
-29.9399 -86599.5 
-29.8799 -86078.6 
-29.8198 -85559.7 
-29.7598 -85042.9 
-29.6997 -84528.3 
-29.6396 -84015.7 
-29.5796 -83505.1 
-29.5195 -82996.7 
-29.4595 -82490.3 
-29.3994 -81985.9 
-29.3393 -81483.7 
-29.2793 -80983.4 
-29.2192 -80485.3 
-29.1592 -79989.1 
-29.0991 -79495 
-29.039 -79003 
-28.979 -78513 
-28.9189 -78025 
-28.8589 -77539 
-28.7988 -77055.1 
-28.7387 -76573.1 
-28.6787 -76093.2 
-28.6186 -75615.3 
-28.5586 -75139.4 
-28.4985 -74665.4 
-28.4384 -74193.5 
-28.3784 -73723.6 
-28.3183 -73255.6 
-28.2583 -72789.7 
-28.1982 -72325.7 
-28.1381 -71863.7 
-28.0781 -71403.6 
-28.018 -70945.5 
-27.958 -70489.4 
-27.8979 -70035.2 
-27.8378 -69583 
-27.7778 -69132.8 
-27.7177 -68684.4 
-27.6577 -68238.1 
-27.5976 -67793.6 
-27.5375 -67351.1 
-27.4775 -66910.5 
-27.4174 -66471.8 
-27.3574 -66035.1 
-27.2973 -65600.3 
-27.2372 -65167.3 
-27.1772 -64736.3 
-27.1171 -64307.2 
-27.0571 -63880 
-26.997 -63454.6 
-26.9369 -63031.2 
-26.8769 -62609.7 
-26.8168 -62190 
-26.7568 -61772.2 
-26.6967 -61356.3 
-26.6366 -60942.2 
-26.5766 -60530 
-26.5165 -60119.7 
-26.4565 -59711.2 
-26.3964 -59304.6 
-26.3363 -58899.8 
-26.2763 -58496.9 
-26.2162 -58095.8 
-26.1562 -57696.5 
-26.0961 -57299.1 
-26.036 -56903.5 
-25.976 -56509.7 
-25.9159 -56117.8 
-25.8559 -55727.6 
-25.7958 -55339.3 
-25.7357 -54952.7 
-25.6757 -54568 
-25.6156 -54185 
-25.5556 -53803.9 
-25.4955 -53424.5 
-25.4354 -53047 
-25.3754 -52671.2 
-25.3153 -52297.2 
-25.2553 -51924.9 
-25.1952 -51554.4 
-25.1351 -51185.7 
-25.0751 -50818.8 
-25.015 -50453.6 
-24.955 -50090.1 
-24.8949 -49728.4 
-24.8348 -49368.4 
-24.7748 -49010.2 
-24.7147 -48653.7 
-24.6547 -48299 
-24.5946 -47945.9 
-24.5345 -47594.6 
-24.4745 -47245 
-24.4144 -46897.1 
-24.3544 -46550.9 
-24.2943 -46206.5 
-24.2342 -45863.7 
-24.1742 -45522.6 
-24.1141 -45183.2 
-24.0541 -44845.5 
-23.994 -44509.5 
-23.9339 -44175.2 
-23.8739 -43842.5 
-23.8138 -43511.5 
-23.7538 -43182.2 
-23.6937 -42854.6 
-23.6336 -42528.6 
-23.5736 -42204.2 
-23.5135 -41881.5 
-23.4535 -41560.5 
-23.3934 -41241 
-23.3333 -40923.3 
-23.2733 -40607.1 
-23.2132 -40292.6 
-23.1532 -39979.7 
-23.0931 -39668.5 
-23.033 -39358.8 
-22.973 -39050.8 
-22.9129 -38744.3 
-22.8529 -38439.5 
-22.7928 -38136.3 
-22.7327 -37834.7 
-22.6727 -37534.6 
-22.6126 -37236.2 
-22.5526 -36939.3 
-22.4925 -36644 
-22.4324 -36350.3 
-22.3724 -36058.1 
-22.3123 -35767.5 
-22.2523 -35478.5 
-22.1922 -35191 
-22.1321 -34905.1 
-22.0721 -34620.8 
-22.012 -34337.9 
-21.952 -34056.7 
-21.8919 -33776.9 
-21.8318 -33498.7 
-21.7718 -33222 
-21.7117 -32946.9 
-21.6517 -32673.2 
-21.5916 -32401.1 
-21.5315 -32130.5 
-21.4715 -31861.4 
-21.4114 -31593.8 
-21.3514 -31327.7 
-21.2913 -31063.1 
-21.2312 -30800 
-21.1712 -30538.3 
-21.1111 -30278.2 
-21.0511 -30019.5 
-20.991 -29762.3 
-20.9309 -29506.6 
-20.8709 -29252.3 
-20.8108 -28999.5 
-20.7508 -28748.2 
-20.6907 -28498.3 
-20.6306 -28249.8 
-20.5706 -28002.8 
-20.5105 -27757.3 
-20.4505 -27513.1 
-20.3904 -27270.4 
-20.3303 -27029.2 
-20.2703 -26789.3 
-20.2102 -26550.9 
-20.1502 -26313.9 
-20.0901 -26078.3 
-20.03 -25844.1 
-19.97 -25611.3 
-19.9099 -25379.9 
-19.8498 -25149.9 
-19.7898 -24921.3 
-19.7297 -24694.1 
-19.6697 -24468.2 
-19.6096 -24243.8 
-19.5495 -24020.7 
-19.4895 -23798.9 
-19.4294 -23578.6 
-19.3694 -23359.6 
-19.3093 -23141.9 
-19.2492 -22925.6 
-19.1892 -22710.7 
-19.1291 -22497.1 
-19.0691 -22284.8 
-19.009 -22073.9 
-18.9489 -21864.3 
-18.8889 -21656 
-18.8288 -21449 
-18.7688 -21243.4 
-18.7087 -21039.1 
-18.6486 -20836.1 
-18.5886 -20634.4 
-18.5285 -20434 
-18.4685 -20234.9 
-18.4084 -20037.1 
-18.3483 -19840.5 
-18.2883 -19645.3 
-18.2282 -19451.3 
-18.1682 -19258.7 
-18.1081 -19067.2 
-18.048 -18877.1 
-17.988 -18688.2 
-17.9279 -18500.6 
-17.8679 -18314.2 
-17.8078 -18129.1 
-17.7477 -17945.2 
-17.6877 -17762.6 
-17.6276 -17581.2 
-17.5676 -17401.1 
-17.5075 -17222.2 
-17.4474 -17044.5 
-17.3874 -16868 
-17.3273 -16692.7 
-17.2673 -16518.7 
-17.2072 -16345.8 
-17.1471 -16174.2 
-17.0871 -16003.8 
-17.027 -15834.5 
-16.967 -15666.5 
-16.9069 -15499.6 
-16.8468 -15334 
-16.7868 -15169.5 
-16.7267 -15006.2 
-16.6667 -14844 
-16.6066 -14683 
-16.5465 -14523.2 
-16.4865 -14364.6 
-16.4264 -14207.1 
-16.3664 -14050.7 
-16.3063 -13895.5 
-16.2462 -13741.4 
-16.1862 -13588.5 
-16.1261 -13436.7 
-16.0661 -13286 
-16.006 -13136.5 
-15.9459 -12988.1 
-15.8859 -12840.8 
-15.8258 -12694.6 
-15.7658 -12549.5 
-15.7057 -12405.5 
-15.6456 -12262.6 
-15.5856 -12120.9 
-15.5255 -11980.2 
-15.4655 -11840.6 
-15.4054 -11702 
-15.3453 -11564.6 
-15.2853 -11428.2 
-15.2252 -11292.9 
-15.1652 -11158.7 
-15.1051 -11025.5 
-15.045 -10893.4 
-14.985 -10762.4 
-14.9249 -10632.4 
-14.8649 -10503.4 
-14.8048 -10375.5 
-14.7447 -10248.6 
-14.6847 -10122.7 
-14.6246 -9997.9 
-14.5646 -9874.1 
-14.5045 -9751.32 
-14.4444 -9629.55 
-14.3844 -9508.8 
-14.3243 -9389.05 
-14.2643 -9270.31 
-14.2042 -9152.57 
-14.1441 -9035.82 
-14.0841 -8920.06 
-14.024 -8805.28 
-13.964 -8691.49 
-13.9039 -8578.68 
-13.8438 -8466.84 
-13.7838 -8355.97 
-13.7237 -8246.07 
-13.6637 -8137.13 
-13.6036 -8029.14 
-13.5435 -7922.11 
-13.4835 -7816.02 
-13.4234 -7710.89 
-13.3634 -7606.69 
-13.3033 -7503.42 
-13.2432 -7401.09 
-13.1832 -7299.69 
-13.1231 -7199.21 
-13.0631 -7099.64 
-13.003 -7001 
-12.9429 -6903.26 
-12.8829 -6806.43 
-12.8228 -6710.51 
-12.7628 -6615.48 
-12.7027 -6521.34 
-12.6426 -6428.1 
-12.5826 -6335.74 
-12.5225 -6244.26 
-12.4625 -6153.66 
-12.4024 -6063.94 
-12.3423 -5975.08 
-12.2823 -5887.08 
-12.2222 -5799.95 
-12.1622 -5713.67 
-12.1021 -5628.25 
-12.042 -5543.67 
-11.982 -5459.94 
-11.9219 -5377.04 
-11.8619 -5294.99 
-11.8018 -5213.76 
-11.7417 -5133.36 
-11.6817 -5053.78 
-11.6216 -4975.02 
-11.5616 -4897.07 
-11.5015 -4819.94 
-11.4414 -4743.61 
-11.3814 -4668.08 
-11.3213 -4593.35 
-11.2613 -4519.41 
-11.2012 -4446.26 
-11.1411 -4373.9 
-11.0811 -4302.32 
-11.021 -4231.51 
-10.961 -4161.48 
-10.9009 -4092.21 
-10.8408 -4023.71 
-10.7808 -3955.96 
-10.7207 -3888.98 
-10.6607 -3822.74 
-10.6006 -3757.25 
-10.5405 -3692.51 
-10.4805 -3628.5 
-10.4204 -3565.23 
-10.3604 -3502.68 
-10.3003 -3440.87 
-10.2402 -3379.77 
-10.1802 -3319.4 
-10.1201 -3259.73 
-10.0601 -3200.78 
-10 -3142.53 
-9.93994 -3084.98 
-9.87988 -3028.13 
-9.81982 -2971.97 
-9.75976 -2916.5 
-9.6997 -2861.71 
-9.63964 -2807.61 
-9.57958 -2754.18 
-9.51952 -2701.42 
-9.45946 -2649.32 
-9.3994 -2597.9 
-9.33934 -2547.13 
-9.27928 -2497.01 
-9.21922 -2447.54 
-9.15916 -2398.73 
-9.0991 -2350.55 
-9.03904 -2303.01 
-8.97898 -2256.11 
-8.91892 -2209.83 
-8.85886 -2164.18 
-8.7988 -2119.15 
-8.73874 -2074.74 
-8.67868 -2030.94 
-8.61862 -1987.75 
-8.55856 -1945.16 
-8.4985 -1903.17 
-8.43844 -1861.78 
-8.37838 -1820.98 
-8.31832 -1780.77 
-8.25826 -1741.14 
-8.1982 -1702.1 
-8.13814 -1663.62 
-8.07808 -1625.72 
-8.01802 -1588.38 
-7.95796 -1551.61 
-7.8979 -1515.39 
-7.83784 -1479.73 
-7.77778 -1444.62 
-7.71772 -1410.05 
-7.65766 -1376.02 
-7.5976 -1342.53 
-7.53754 -1309.58 
-7.47748 -1277.15 
-7.41742 -1245.25 
-7.35736 -1213.87 
-7.2973 -1183 
-7.23724 -1152.65 
-7.17718 -1122.8 
-7.11712 -1093.46 
-7.05706 -1064.61 
-6.997 -1036.26 
-6.93694 -1008.41 
-6.87688 -981.036 
-6.81682 -954.148 
-6.75676 -927.738 
-6.6967 -901.803 
-6.63664 -876.337 
-6.57658 -851.337 
-6.51652 -826.799 
-6.45646 -802.718 
-6.3964 -779.09 
-6.33634 -755.911 
-6.27628 -733.177 
-6.21622 -710.884 
-6.15616 -689.027 
-6.0961 -667.602 
-6.03604 -646.605 
-5.97598 -626.031 
-5.91592 -605.878 
-5.85586 -586.139 
-5.7958 -566.812 
-5.73574 -547.892 
-5.67568 -529.375 
-5.61562 -511.256 
-5.55556 -493.531 
-5.4955 -476.197 
-5.43544 -459.249 
-5.37538 -442.682 
-5.31532 -426.493 
-5.25526 -410.678 
-5.1952 -395.232 
-5.13514 -380.15 
-5.07508 -365.43 
-5.01502 -351.066 
-4.95495 -337.054 
-4.89489 -323.391 
-4.83483 -310.071 
-4.77477 -297.092 
-4.71471 -284.448 
-4.65465 -272.135 
-4.59459 -260.15 
-4.53453 -248.487 
-4.47447 -237.144 
-4.41441 -226.115 
-4.35435 -215.396 
-4.29429 -204.984 
-4.23423 -194.874 
-4.17417 -185.061 
-4.11411 -175.542 
-4.05405 -166.313 
-3.99399 -157.368 
-3.93393 -148.705 
-3.87387 -140.318 
-3.81381 -132.205 
-3.75375 -124.359 
-3.69369 -116.778 
-3.63363 -109.457 
-3.57357 -102.391 
-3.51351 -95.5776 
-3.45345 -89.0113 
-3.39339 -82.6882 
-3.33333 -76.6041 
-3.27327 -70.7548 
-3.21321 -65.1362 
-3.15315 -59.744 
-3.09309 -54.5741 
-3.03303 -49.6221 
-2.97297 -44.8841 
-2.91291 -40.3556 
-2.85285 -36.0326 
-2.79279 -31.9108 
-2.73273 -27.9861 
-2.67267 -24.2542 
-2.61261 -20.711 
-2.55255 -17.3522 
-2.49249 -14.1736 
-2.43243 -11.1711 
-2.37237 -8.3405 
-2.31231 -5.6775 
-2.25225 -3.17795 
-2.19219 -0.83766 
-2.13213 1.34758 
-2.07207 3.38196 
-2.01201 5.26968 
-1.95195 7.01495 
-1.89189 8.62196 
-1.83183 10.0949 
-1.77177 11.438 
-1.71171 12.6554 
-1.65165 13.7513 
-1.59159 14.73 
-1.53153 15.5956 
-1.47147 16.3524 
-1.41141 17.0045 
-1.35135 17.5561 
-1.29129 18.0114 
-1.23123 18.3747 
-1.17117 18.65 
-1.11111 18.8417 
-1.05105 18.954 
-0.990991 18.9909 
-0.930931 18.9568 
-0.870871 18.8557 
-0.810811 18.692 
-0.750751 18.4698 
-0.690691 18.1934 
-0.630631 17.8668 
-0.570571 17.4943 
-0.510511 17.0802 
-0.45045 16.6286 
-0.39039 16.1436 
-0.33033 15.6296 
-0.27027 15.0907 
-0.21021 14.5311 
-0.15015 13.9549 
-0.0900901 13.3665 
-0.03003 12.77 
0.03003 12.1696 
0.0900901 11.5694 
0.15015 10.9738 
0.21021 10.3869 
0.27027 9.8128 
0.33033 9.25584 
0.39039 8.72017 
0.45045 8.20999 
0.510511 7.72949 
0.570571 7.28288 
0.630631 6.87435 
0.690691 6.5081 
0.750751 6.18834 
0.810811 5.91925 
0.870871 5.70505 
0.930931 5.54992 
0.990991 5.45806 
1.05105 5.43368 
1.11111 5.48097 
1.17117 5.60414 
1.23123 5.80737 
1.29129 6.09488 
1.35135 6.47085 
1.41141 6.93949 
1.47147 7.50499 
1.53153 8.17156 
1.59159 8.94338 
1.65165 9.82467 
1.71171 10.8196 
1.77177 11.9324 
1.83183 13.1673 
1.89189 14.5284 
1.95195 16.02 
2.01201 17.6462 
2.07207 19.4113 
2.13213 21.3194 
2.19219 23.3748 
2.25225 25.5816 
2.31231 27.9441 
2.37237 30.4664 
2.43243 33.1528 
2.49249 36.0074 
2.55255 39.0344 
2.61261 42.2381 
2.67267 45.6226 
2.73273 49.1922 
2.79279 52.951 
2.85285 56.9032 
2.91291 61.0531 
2.97297 65.4048 
3.03303 69.9625 
3.09309 74.7304 
3.15315 79.7128 
3.21321 84.9138 
3.27327 90.3377 
3.33333 95.9885 
3.39339 101.871 
3.45345 107.988 
3.51351 114.345 
3.57357 120.946 
3.63363 127.795 
3.69369 134.896 
3.75375 142.254 
3.81381 149.872 
3.87387 157.755 
3.93393 165.907 
3.99399 174.332 
4.05405 183.035 
4.11411 192.019 
4.17417 201.289 
4.23423 210.849 
4.29429 220.704 
4.35435 230.856 
4.41441 241.311 
4.47447 252.073 
4.53453 263.146 
4.59459 274.535 
4.65465 286.242 
4.71471 298.274 
4.77477 310.633 
4.83483 323.324 
4.89489 336.351 
4.95495 349.718 
5.01502 363.431 
5.07508 377.492 
5.13514 391.905 
5.1952 406.677 
5.25526 421.809 
5.31532 437.307 
5.37538 453.175 
5.43544 469.417 
5.4955 486.037 
5.55556 503.039 
5.61562 520.428 
5.67568 538.208 
5.73574 556.383 
5.7958 574.957 
5.85586 593.934 
5.91592 613.319 
5.97598 633.115 
6.03604 653.328 
6.0961 673.96 
6.15616 695.017 
6.21622 716.503 
6.27628 738.421 
6.33634 760.777 
6.3964 783.573 
6.45646 806.815 
6.51652 830.506 
6.57658 854.652 
6.63664 879.255 
6.6967 904.32 
6.75676 929.851 
6.81682 955.854 
6.87688 982.331 
6.93694 1009.29 
6.997 1036.73 
7.05706 1064.65 
7.11712 1093.07 
7.17718 1121.98 
7.23724 1151.4 
7.2973 1181.31 
7.35736 1211.74 
7.41742 1242.68 
7.47748 1274.13 
7.53754 1306.11 
7.5976 1338.61 
7.65766 1371.64 
7.71772 1405.21 
7.77778 1439.31 
7.83784 1473.95 
7.8979 1509.14 
7.95796 1544.88 
8.01802 1581.18 
8.07808 1618.03 
8.13814 1655.45 
8.1982 1693.43 
8.25826 1731.99 
8.31832 1771.12 
8.37838 1810.83 
8.43844 1851.12 
8.4985 1892 
8.55856 1933.48 
8.61862 1975.55 
8.67868 2018.22 
8.73874 2061.5 
8.7988 2105.38 
8.85886 2149.88 
8.91892 2195 
8.97898 2240.73 
9.03904 2287.1 
9.0991 2334.09 
9.15916 2381.72 
9.21922 2429.99 
9.27928 2478.9 
9.33934 2528.45 
9.3994 2578.66 
9.45946 2629.52 
9.51952 2681.05 
9.57958 2733.23 
9.63964 2786.09 
9.6997 2839.61 
9.75976 2893.81 
9.81982 2948.7 
9.87988 3004.26 
9.93994 3060.52 
10 3117.47 
10.0601 3175.12 
10.1201 3233.46 
10.1802 3292.52 
10.2402 3352.28 
10.3003 3412.76 
10.3604 3473.96 
10.4204 3535.87 
10.4805 3598.52 
10.5405 3661.9 
10.6006 3726.01 
10.6607 3790.86 
10.7207 3856.45 
10.7808 3922.79 
10.8408 3989.89 
10.9009 4057.73 
10.961 4126.34 
11.021 4195.72 
11.0811 4265.86 
11.1411 4336.78 
11.2012 4408.47 
11.2613 4480.94 
11.3213 4554.2 
11.3814 4628.25 
11.4414 4703.09 
11.5015 4778.73 
11.5616 4855.18 
11.6216 4932.43 
11.6817 5010.49 
11.7417 5089.36 
11.8018 5169.06 
11.8619 5249.57 
11.9219 5330.92 
11.982 5413.09 
12.042 5496.11 
12.1021 5579.96 
12.1622 5664.65 
12.2222 5750.2 
12.2823 5836.6 
12.3423 5923.85 
12.4024 6011.97 
12.4625 6100.95 
12.5225 6190.8 
12.5826 6281.52 
12.6426 6373.12 
12.7027 6465.61 
12.7628 6558.97 
12.8228 6653.23 
12.8829 6748.39 
12.9429 6844.44 
13.003 6941.4 
13.0631 7039.26 
13.1231 7138.04 
13.1832 7237.73 
13.2432 7338.34 
13.3033 7439.87 
13.3634 7542.34 
13.4234 7645.73 
13.4835 7750.06 
13.5435 7855.34 
13.6036 7961.55 
13.6637 8068.72 
13.7237 8176.84 
13.7838 8285.92 
13.8438 8395.96 
13.9039 8506.96 
13.964 8618.94 
14.024 8731.89 
14.0841 8845.82 
14.1441 8960.73 
14.2042 9076.63 
14.2643 9193.51 
14.3243 9311.4 
14.3844 9430.28 
14.4444 9550.17 
14.5045 9671.07 
14.5646 9792.98 
14.6246 9915.9 
14.6847 10039.8 
14.7447 10164.8 
14.8048 10290.8 
14.8649 10417.8 
14.9249 10545.9 
14.985 10675 
15.045 10805.2 
15.1051 10936.4 
15.1652 11068.7 
15.2252 11202 
15.2853 11336.4 
15.3453 11471.8 
15.4054 11608.3 
15.4655 11745.9 
15.5255 11884.6 
15.5856 12024.4 
15.6456 12165.2 
15.7057 12307.1 
15.7658 12450.2 
15.8258 12594.3 
15.8859 12739.5 
15.9459 12885.9 
16.006 13033.3 
16.0661 13181.9 
16.1261 13331.6 
16.1862 13482.4 
16.2462 13634.4 
16.3063 13787.5 
16.3664 13941.7 
16.4264 14097.1 
16.4865 14253.6 
16.5465 14411.3 
16.6066 14570.1 
16.6667 14730.1 
16.7267 14891.2 
16.7868 15053.5 
16.8468 15217 
16.9069 15381.7 
16.967 15547.5 
17.027 15714.5 
17.0871 15882.7 
17.1471 16052.1 
17.2072 16222.7 
17.2673 16394.5 
17.3273 16567.5 
17.3874 16741.8 
17.4474 16917.2 
17.5075 17093.8 
17.5676 17271.7 
17.6276 17450.8 
17.6877 17631.1 
17.7477 17812.7 
17.8078 17995.5 
17.8679 18179.5 
17.9279 18364.8 
17.988 18551.4 
18.048 18739.2 
18.1081 18928.2 
18.1682 19118.5 
18.2282 19310.1 
18.2883 19503 
18.3483 19697.1 
18.4084 19892.6 
18.4685 20089.3 
18.5285 20287.3 
18.5886 20486.6 
18.6486 20687.1 
18.7087 20889 
18.7688 21092.2 
18.8288 21296.7 
18.8889 21502.5 
18.9489 21709.7 
19.009 21918.1 
19.0691 22127.9 
19.1291 22339 
19.1892 22551.5 
19.2492 22765.3 
19.3093 22980.4 
19.3694 23196.9 
19.4294 23414.8 
19.4895 23634 
19.5495 23854.5 
19.6096 24076.4 
19.6697 24299.7 
19.7297 24524.4 
19.7898 24750.4 
19.8498 24977.8 
19.9099 25206.7 
19.97 25436.8 
20.03 25668.4 
20.0901 25901.4 
20.1502 26135.8 
20.2102 26371.6 
20.2703 26608.8 
20.3303 26847.5 
20.3904 27087.5 
20.4505 27329 
20.5105 27571.9 
20.5706 27816.2 
20.6306 28062 
20.6907 28309.2 
20.7508 28557.8 
20.8108 28807.9 
20.8709 29059.5 
20.9309 29312.5 
20.991 29567 
21.0511 29822.9 
21.1111 30080.3 
21.1712 30339.2 
21.2312 30599.5 
21.2913 30861.4 
21.3514 31124.7 
21.4114 31389.5 
21.4715 31655.8 
21.5315 31923.6 
21.5916 32193 
21.6517 32463.8 
21.7117 32736.1 
21.7718 33010 
21.8318 33285.3 
21.8919 33562.2 
21.952 33840.7 
22.012 34120.6 
22.0721 34402.1 
22.1321 34685.2 
22.1922 34969.7 
22.2523 35255.9 
22.3123 35543.6 
22.3724 35832.8 
22.4324 36123.6 
22.4925 36416 
22.5526 36709.9 
22.6126 37005.4 
22.6727 37302.5 
22.7327 37601.2 
22.7928 37901.5 
22.8529 38203.3 
22.9129 38506.8 
22.973 38811.8 
23.033 39118.5 
23.0931 39426.8 
23.1532 39736.6 
23.2132 40048.1 
23.2733 40361.2 
23.3333 40676 
23.3934 40992.4 
23.4535 41310.4 
23.5135 41630 
23.5736 41951.3 
23.6336 42274.2 
23.6937 42598.8 
23.7538 42925 
23.8138 43252.9 
23.8739 43582.5 
23.9339 43913.7 
23.994 44246.6 
24.0541 44581.2 
24.1141 44917.4 
24.1742 45255.4 
24.2342 45595 
24.2943 45936.3 
24.3544 46279.3 
24.4144 46624 
24.4745 46970.4 
24.5345 47318.6 
24.5946 47668.4 
24.6547 48020 
24.7147 48373.3 
24.7748 48728.3 
24.8348 49085 
24.8949 49443.5 
24.955 49803.7 
25.015 50165.6 
25.0751 50529.3 
25.1351 50894.8 
25.1952 51262 
25.2553 51630.9 
25.3153 52001.7 
25.3754 52374.2 
25.4354 52748.4 
25.4955 53124.5 
25.5556 53502.3 
25.6156 53881.9 
25.6757 54263.3 
25.7357 54646.5 
25.7958 55031.5 
25.8559 55418.3 
25.9159 55806.9 
25.976 56197.3 
26.036 56589.5 
26.0961 56983.5 
26.1562 57379.4 
26.2162 57777.1 
26.2763 58176.6 
26.3363 58578 
26.3964 58981.2 
26.4565 59386.2 
26.5165 59793.1 
26.5766 60201.8 
26.6366 60612.4 
26.6967 61024.9 
26.7568 61439.2 
26.8168 61855.4 
26.8769 62273.4 
26.9369 62693.4 
26.997 63115.2 
27.0571 63538.9 
27.1171 63964.5 
27.1772 64392 
27.2372 64821.3 
27.2973 65252.6 
27.3574 65685.8 
27.4174 66120.9 
27.4775 66557.9 
27.5375 66996.9 
27.5976 67437.7 
27.6577 67880.5 
27.7177 68325.2 
27.7778 68771.9 
27.8378 69220.5 
27.8979 69671 
27.958 70123.5 
28.018 70578 
28.0781 71034.4 
28.1381 71492.7 
28.1982 71953.1 
28.2583 72415.3 
28.3183 72879.6 
28.3784 73345.9 
28.4384 73814.1 
28.4985 74284.3 
28.5586 74756.5 
28.6186 75230.7 
28.6787 75706.9 
28.7387 76185.1 
28.7988 76665.3 
28.8589 77147.5 
28.9189 77631.8 
28.979 78118 
29.039 78606.3 
29.0991 79096.6 
29.1592 79588.9 
29.2192 80083.3 
29.2793 80579.7 
29.3393 81078.2 
29.3994 81578.7 
29.4595 82081.3 
29.5195 82585.9 
29.5796 83092.6 
29.6396 83601.3 
29.6997 84112.2 
29.7598 84625.1 
29.8198 85140 
29.8799 85657.1 
29.9399 86176.2 
30 86697.5 
