0,0.588522
0.05,0.621217
0.1,0.653913
0.15,0.686609
0.2,0.719304
0.25,0.752
0.3,0.784696
0.35,0.817391
0.4,0.850087
0.45,0.882783
0.5,0.915478
0.55,0.948174
0.6,0.980869
0.65,1.02225
0.7,1.0723
0.75,1.12236
0.8,1.17242
0.85,1.22247
0.9,1.27253
0.95,1.32259
1,1.37265
1.05,1.4227
1.1,1.47276
1.15,1.52282
1.2,1.57288
1.25,1.62293
1.3,1.68734
1.35,1.75175
1.4,1.81615
1.45,1.88056
1.5,1.94496
1.55,2.00937
1.6,2.07378
1.65,2.13818
1.7,2.20259
1.75,2.267
1.8,2.3314
1.85,2.39581
1.9,2.4616
1.95,2.52878
2,2.59596
2.05,2.66314
2.1,2.73032
2.15,2.79749
2.2,2.86467
2.25,2.93185
2.3,2.99903
2.35,3.06621
2.4,3.13339
2.45,3.20057
2.5,3.26775
2.55,3.33236
2.6,3.39697
2.65,3.46159
2.7,3.5262
2.75,3.59082
2.8,3.65543
2.85,3.72005
2.9,3.78466
2.95,3.84928
3,3.91389
3.05,3.97851
3.1,4.04312
3.15,4.10517
3.2,4.16465
3.25,4.22412
3.3,4.2836
3.35,4.34308
3.4,4.40255
3.45,4.46203
3.5,4.52151
3.55,4.58098
3.6,4.64046
3.65,4.69994
3.7,4.75941
3.75,4.81889
3.8,4.86462
3.85,4.91035
3.9,4.95608
3.95,5.00181
4,5.04754
4.05,5.09327
4.1,5.139
4.15,5.18473
4.2,5.23046
4.25,5.27619
4.3,5.32192
4.35,5.36766
4.4,5.40848
4.45,5.4444
4.5,5.48032
4.55,5.51623
4.6,5.55215
4.65,5.58807
4.7,5.62399
4.75,5.6599
4.8,5.69582
4.85,5.73174
4.9,5.76766
4.95,5.80358
5,5.83949
5.05,5.85786
5.1,5.87623
5.15,5.8946
5.2,5.91296
5.25,5.93133
5.3,5.9497
5.35,5.96806
5.4,5.98643
5.45,6.0048
5.5,6.02316
5.55,6.04153
5.6,6.0599
5.65,6.0737
5.7,6.08295
5.75,6.0922
5.8,6.10144
5.85,6.11069
5.9,6.11994
5.95,6.12918
6,6.13843
6.05,6.14767
6.1,6.15692
6.15,6.16617
6.2,6.17541
6.25,6.18466
6.3,6.18281
6.35,6.18095
6.4,6.1791
6.45,6.17724
6.5,6.17539
6.55,6.17353
6.6,6.17168
6.65,6.16982
6.7,6.16797
6.75,6.16611
6.8,6.16426
6.85,6.16241
6.9,6.15928
6.95,6.15487
7,6.15047
7.05,6.14606
7.1,6.14166
7.15,6.13726
7.2,6.13285
7.25,6.12845
7.3,6.12405
7.35,6.11964
7.4,6.11524
7.45,6.11083
7.5,6.10643
7.55,6.10595
7.6,6.10547
7.65,6.105
7.7,6.10452
7.75,6.10404
7.8,6.10356
7.85,6.10308
7.9,6.10261
7.95,6.10213
8,6.10165
8.05,6.10117
8.1,6.10069
8.15,6.10392
8.2,6.11087
8.25,6.11781
8.3,6.12475
8.35,6.13169
8.4,6.13863
8.45,6.14557
8.5,6.15251
8.55,6.15946
8.6,6.1664
8.65,6.17334
8.7,6.18028
8.75,6.18722
8.8,6.21521
8.85,6.24321
8.9,6.2712
8.95,6.29919
9,6.32718
9.05,6.35517
9.1,6.38316
9.15,6.41116
9.2,6.43915
9.25,6.46714
9.3,6.49513
9.35,6.52312
9.4,6.55918
9.45,6.60329
9.5,6.6474
9.55,6.69151
9.6,6.73563
9.65,6.77974
9.7,6.82385
9.75,6.86797
9.8,6.91208
9.85,6.95619
9.9,7.00031
9.95,7.04442
10,7.08853
10.05,7.16431
10.1,7.24008
10.15,7.31585
10.2,7.39163
10.25,7.4674
10.3,7.54317
10.35,7.61895
10.4,7.69472
10.45,7.77049
10.5,7.84627
10.55,7.92204
10.6,7.99782
10.65,8.08298
10.7,8.17755
10.75,8.27211
10.8,8.36668
10.85,8.46124
10.9,8.55581
10.95,8.65037
11,8.74494
11.05,8.8395
11.1,8.93407
11.15,9.02863
11.2,9.1232
11.25,9.21776
11.3,9.34139
11.35,9.46502
11.4,9.58865
11.45,9.71228
11.5,9.83591
11.55,9.95953
11.6,10.0832
11.65,10.2068
11.7,10.3304
11.75,10.454
11.8,10.5777
11.85,10.7013
11.9,10.8314
11.95,10.9679
12,11.1045
12.05,11.241
12.1,11.3776
12.15,11.5141
12.2,11.6507
12.25,11.7872
12.3,11.9238
12.35,12.0603
12.4,12.1969
12.45,12.3334
12.5,12.47
12.55,12.6186
12.6,12.7672
12.65,12.9157
12.7,13.0643
12.75,13.2129
12.8,13.3615
12.85,13.51
12.9,13.6586
12.95,13.8072
13,13.9558
13.05,14.1044
13.1,14.2529
13.15,14.4014
13.2,14.5497
13.25,14.6981
13.3,14.8465
13.35,14.9948
13.4,15.1432
13.45,15.2915
13.5,15.4399
13.55,15.5882
13.6,15.7366
13.65,15.8849
13.7,16.0333
13.75,16.1816
13.8,16.3161
13.85,16.4505
13.9,16.585
13.95,16.7194
14,16.8538
14.05,16.9883
14.1,17.1227
14.15,17.2572
14.2,17.3916
14.25,17.526
14.3,17.6605
14.35,17.7949
14.4,17.9215
14.45,18.0402
14.5,18.1589
14.55,18.2776
14.6,18.3963
14.65,18.515
14.7,18.6338
14.75,18.7525
14.8,18.8712
14.85,18.9899
14.9,19.1086
14.95,19.2273
15,19.346
15.05,19.4265
15.1,19.507
15.15,19.5875
15.2,19.668
15.25,19.7485
15.3,19.829
15.35,19.9095
15.4,19.99
15.45,20.0705
15.5,20.151
15.55,20.2315
15.6,20.312
15.65,20.379
15.7,20.4327
15.75,20.4863
15.8,20.5399
15.85,20.5936
15.9,20.6472
15.95,20.7009
16,20.7545
16.05,20.8081
16.1,20.8618
16.15,20.9154
16.2,20.9691
16.25,21.0227
16.3,21.0268
16.35,21.0308
16.4,21.0349
16.45,21.0389
16.5,21.043
16.55,21.047
16.6,21.0511
16.65,21.0551
16.7,21.0592
16.75,21.0633
16.8,21.0673
16.85,21.0714
16.9,21.0615
16.95,21.0376
17,21.0137
17.05,20.9898
17.1,20.9659
17.15,20.9421
17.2,20.9182
17.25,20.8943
17.3,20.8704
17.35,20.8465
17.4,20.8227
17.45,20.7988
17.5,20.7749
17.55,20.71
17.6,20.6451
17.65,20.5802
17.7,20.5153
17.75,20.4503
17.8,20.3854
17.85,20.3205
17.9,20.2556
17.95,20.1907
18,20.1258
18.05,20.0609
18.1,19.9959
18.15,19.9225
18.2,19.8405
18.25,19.7586
18.3,19.6766
18.35,19.5946
18.4,19.5127
18.45,19.4307
18.5,19.3487
18.55,19.2668
18.6,19.1848
18.65,19.1028
18.7,19.0209
18.75,18.9389
18.8,18.8434
18.85,18.7478
18.9,18.6523
18.95,18.5568
19,18.4612
19.05,18.3657
19.1,18.2702
19.15,18.1746
19.2,18.0791
19.25,17.9836
19.3,17.888
19.35,17.7925
19.4,17.6983
19.45,17.6054
19.5,17.5125
19.55,17.4196
19.6,17.3268
19.65,17.2339
19.7,17.141
19.75,17.0481
19.8,16.9552
19.85,16.8624
19.9,16.7695
19.95,16.6766
20,16.5837
20.05,16.5142
20.1,16.4447
20.15,16.3752
20.2,16.3057
20.25,16.2362
20.3,16.1667
20.35,16.0973
20.4,16.0278
20.45,15.9583
20.5,15.8888
20.55,15.8193
20.6,15.7498
20.65,15.6922
20.7,15.6465
20.75,15.6008
20.8,15.5551
20.85,15.5095
20.9,15.4638
20.95,15.4181
21,15.3724
21.05,15.3267
21.1,15.281
21.15,15.2353
21.2,15.1896
21.25,15.1439
21.3,15.1534
21.35,15.1629
21.4,15.1724
21.45,15.1818
21.5,15.1913
21.55,15.2008
21.6,15.2103
21.65,15.2197
21.7,15.2292
21.75,15.2387
21.8,15.2482
21.85,15.2576
21.9,15.2859
21.95,15.3329
22,15.38
22.05,15.427
22.1,15.4741
22.15,15.5211
22.2,15.5681
22.25,15.6152
22.3,15.6622
22.35,15.7093
22.4,15.7563
22.45,15.8033
22.5,15.8504
22.55,15.9651
22.6,16.0798
22.65,16.1945
22.7,16.3092
22.75,16.4239
22.8,16.5386
22.85,16.6533
22.9,16.768
22.95,16.8827
23,16.9974
23.05,17.1121
23.1,17.2268
23.15,17.3601
23.2,17.5121
23.25,17.664
23.3,17.816
23.35,17.968
23.4,18.1199
23.45,18.2719
23.5,18.4239
23.55,18.5758
23.6,18.7278
23.65,18.8798
23.7,19.0317
23.75,19.1837
23.8,19.3891
23.85,19.5946
23.9,19.8
23.95,20.0055
24,20.2109
24.05,20.4164
24.1,20.6218
24.15,20.8272
24.2,21.0327
24.25,21.2381
24.3,21.4436
24.35,21.649
24.4,21.8652
24.45,22.0922
24.5,22.3191
24.55,22.5461
24.6,22.7731
24.65,23
24.7,23.227
24.75,23.454
24.8,23.6809
24.85,23.9079
24.9,24.1348
24.95,24.3618
25,24.5888
25.05,24.8315
25.1,25.0741
25.15,25.3168
25.2,25.5595
25.25,25.8022
25.3,26.0449
25.35,26.2875
25.4,26.5302
25.45,26.7729
25.5,27.0156
25.55,27.2583
25.6,27.5009
25.65,27.7412
25.7,27.9792
25.75,28.2171
25.8,28.4551
25.85,28.6931
25.9,28.931
25.95,29.169
26,29.4069
26.05,29.6449
26.1,29.8828
26.15,30.1208
26.2,30.3587
26.25,30.5967
26.3,30.8023
26.35,31.0079
26.4,31.2135
26.45,31.4191
26.5,31.6247
26.55,31.8303
26.6,32.036
26.65,32.2416
26.7,32.4472
26.75,32.6528
26.8,32.8584
26.85,33.064
26.9,33.2538
26.95,33.4278
27,33.6017
27.05,33.7757
27.1,33.9497
27.15,34.1236
27.2,34.2976
27.25,34.4716
27.3,34.6455
27.35,34.8195
27.4,34.9934
27.45,35.1674
27.5,35.3414
27.55,35.4435
27.6,35.5456
27.65,35.6477
27.7,35.7498
27.75,35.8518
27.8,35.9539
27.85,36.056
27.9,36.1581
27.95,36.2602
28,36.3623
28.05,36.4644
28.1,36.5665
28.15,36.6445
28.2,36.6983
28.25,36.7522
28.3,36.8061
28.35,36.8599
28.4,36.9138
28.45,36.9676
28.5,37.0215
28.55,37.0753
28.6,37.1292
28.65,37.183
28.7,37.2369
28.75,37.2907
28.8,37.2587
28.85,37.2267
28.9,37.1947
28.95,37.1626
29,37.1306
29.05,37.0986
29.1,37.0666
29.15,37.0346
29.2,37.0026
29.25,36.9705
29.3,36.9385
29.35,36.9065
29.4,36.8511
29.45,36.7723
29.5,36.6935
29.55,36.6147
29.6,36.5359
29.65,36.4571
29.7,36.3783
29.75,36.2995
29.8,36.2207
29.85,36.1418
29.9,36.063
29.95,35.9842
30,35.9054
30.05,35.7602
30.1,35.6151
30.15,35.4699
30.2,35.3247
30.25,35.1795
30.3,35.0343
30.35,34.8891
30.4,34.7439
30.45,34.5988
30.5,34.4536
30.55,34.3084
30.6,34.1632
30.65,34.0048
30.7,33.8333
30.75,33.6619
30.8,33.4904
30.85,33.3189
30.9,33.1474
30.95,32.9759
31,32.8044
31.05,32.6329
31.1,32.4614
31.15,32.2899
31.2,32.1184
31.25,31.9469
31.3,31.7569
31.35,31.5669
31.4,31.3769
31.45,31.1869
31.5,30.997
31.55,30.807
31.6,30.617
31.65,30.427
31.7,30.237
31.75,30.0471
31.8,29.8571
31.85,29.6671
31.9,29.4804
31.95,29.2968
32,29.1133
32.05,28.9298
32.1,28.7463
32.15,28.5627
32.2,28.3792
32.25,28.1957
32.3,28.0122
32.35,27.8286
32.4,27.6451
32.45,27.4616
32.5,27.2781
32.55,27.1353
32.6,26.9925
32.65,26.8497
32.7,26.707
32.75,26.5642
32.8,26.4214
32.85,26.2787
32.9,26.1359
32.95,25.9931
33,25.8503
33.05,25.7076
33.1,25.5648
33.15,25.4417
33.2,25.3381
33.25,25.2346
33.3,25.1311
33.35,25.0276
33.4,24.9241
33.45,24.8206
33.5,24.7171
33.55,24.6135
33.6,24.51
33.65,24.4065
33.7,24.303
33.75,24.1995
33.8,24.1843
33.85,24.1691
33.9,24.1539
33.95,24.1387
34,24.1235
34.05,24.1083
34.1,24.0931
34.15,24.0779
34.2,24.0627
34.25,24.0475
34.3,24.0323
34.35,24.0171
34.4,24.0313
34.45,24.075
34.5,24.1187
34.55,24.1624
34.6,24.2061
34.65,24.2498
34.7,24.2934
34.75,24.3371
34.8,24.3808
34.85,24.4245
34.9,24.4682
34.95,24.5119
35,24.5556
35.05,24.7034
35.1,24.8513
35.15,24.9992
35.2,25.1471
35.25,25.295
35.3,25.4429
35.35,25.5908
35.4,25.7387
35.45,25.8866
35.5,26.0345
35.55,26.1823
35.6,26.3302
35.65,26.5064
35.7,26.7107
35.75,26.9151
35.8,27.1195
35.85,27.3238
35.9,27.5282
35.95,27.7326
36,27.9369
36.05,28.1413
36.1,28.3457
36.15,28.55
36.2,28.7544
36.25,28.9588
36.3,29.2429
36.35,29.527
36.4,29.8111
36.45,30.0952
36.5,30.3793
36.55,30.6634
36.6,30.9475
36.65,31.2316
36.7,31.5157
36.75,31.7999
36.8,32.084
36.85,32.3681
36.9,32.6679
36.95,32.9834
37,33.299
37.05,33.6145
37.1,33.93
37.15,34.2456
37.2,34.5611
37.25,34.8766
37.3,35.1922
37.35,35.5077
37.4,35.8233
37.45,36.1388
37.5,36.4543
37.55,36.7917
37.6,37.1291
37.65,37.4665
37.7,37.8039
37.75,38.1413
37.8,38.4787
37.85,38.8161
37.9,39.1535
37.95,39.4909
38,39.8283
38.05,40.1657
38.1,40.5031
38.15,40.8365
38.2,41.1661
38.25,41.4957
38.3,41.8252
38.35,42.1548
38.4,42.4844
38.45,42.8139
38.5,43.1435
38.55,43.4731
38.6,43.8026
38.65,44.1322
38.7,44.4618
38.75,44.7913
38.8,45.0723
38.85,45.3532
38.9,45.6341
38.95,45.9151
39,46.196
39.05,46.4769
39.1,46.7579
39.15,47.0388
39.2,47.3198
39.25,47.6007
39.3,47.8816
39.35,48.1626
39.4,48.4202
39.45,48.6545
39.5,48.8888
39.55,49.1232
39.6,49.3575
39.65,49.5918
39.7,49.8261
39.75,50.0605
39.8,50.2948
39.85,50.5291
39.9,50.7634
39.95,50.9978
40,51.2321
40.05,51.3619
40.1,51.4917
40.15,51.6216
40.2,51.7514
40.25,51.8812
40.3,52.011
40.35,52.1408
40.4,52.2707
40.45,52.4005
40.5,52.5303
40.55,52.6601
40.6,52.7899
40.65,52.885
40.7,52.9454
40.75,53.0057
40.8,53.0661
40.85,53.1264
40.9,53.1868
40.95,53.2471
41,53.3075
41.05,53.3678
41.1,53.4282
41.15,53.4885
41.2,53.5489
41.25,53.6092
41.3,53.5469
41.35,53.4846
41.4,53.4223
41.45,53.36
41.5,53.2978
41.55,53.2355
41.6,53.1732
41.65,53.1109
41.7,53.0486
41.75,52.9863
41.8,52.924
41.85,52.8617
41.9,52.7662
41.95,52.6376
42,52.5089
42.05,52.3803
42.1,52.2517
42.15,52.123
42.2,51.9944
42.25,51.8657
42.3,51.7371
42.35,51.6085
42.4,51.4798
42.45,51.3512
42.5,51.2226
42.55,51.0004
42.6,50.7782
42.65,50.556
42.7,50.3338
42.75,50.1117
42.8,49.8895
42.85,49.6673
42.9,49.4451
42.95,49.223
43,49.0008
43.05,48.7786
43.1,48.5564
43.15,48.3158
43.2,48.0568
43.25,47.7977
43.3,47.5387
43.35,47.2796
43.4,47.0206
43.45,46.7615
43.5,46.5024
43.55,46.2434
43.6,45.9843
43.65,45.7253
43.7,45.4662
43.75,45.2072
43.8,44.9223
43.85,44.6373
43.9,44.3524
43.95,44.0675
44,43.7826
44.05,43.4977
44.1,43.2127
44.15,42.9278
44.2,42.6429
44.25,42.358
44.3,42.073
44.35,41.7881
44.4,41.5076
44.45,41.2315
44.5,40.9554
44.55,40.6793
44.6,40.4032
44.65,40.127
44.7,39.8509
44.75,39.5748
44.8,39.2987
44.85,39.0226
44.9,38.7465
44.95,38.4704
45,38.1943
45.05,37.9739
45.1,37.7536
45.15,37.5332
45.2,37.3129
45.25,37.0925
45.3,36.8722
45.35,36.6518
45.4,36.4315
45.45,36.2112
45.5,35.9908
45.55,35.7705
45.6,35.5501
45.65,35.3565
45.7,35.1896
45.75,35.0227
45.8,34.8558
45.85,34.6888
45.9,34.5219
45.95,34.355
46,34.1881
46.05,34.0212
46.1,33.8543
46.15,33.6874
46.2,33.5205
46.25,33.3535
46.3,33.3057
46.35,33.2579
46.4,33.2101
46.45,33.1623
46.5,33.1144
46.55,33.0666
46.6,33.0188
46.65,32.971
46.7,32.9231
46.75,32.8753
46.8,32.8275
46.85,32.7797
46.9,32.7709
46.95,32.8011
47,32.8313
47.05,32.8615
47.1,32.8917
47.15,32.9219
47.2,32.9521
47.25,32.9823
47.3,33.0125
47.35,33.0427
47.4,33.0729
47.45,33.1031
47.5,33.1333
47.55,33.2954
47.6,33.4576
47.65,33.6197
47.7,33.7819
47.75,33.944
47.8,34.1062
47.85,34.2683
47.9,34.4304
47.95,34.5926
48,34.7547
48.05,34.9169
48.1,35.079
48.15,35.2724
48.2,35.497
48.25,35.7216
48.3,35.9462
48.35,36.1708
48.4,36.3954
48.45,36.62
48.5,36.8447
48.55,37.0693
48.6,37.2939
48.65,37.5185
48.7,37.7431
48.75,37.9677
48.8,38.2352
48.85,38.5027
48.9,38.7702
48.95,39.0377
49,39.3052
49.05,39.5727
49.1,39.8402
49.15,40.1077
49.2,40.3752
49.25,40.6427
49.3,40.9102
49.35,41.1777
49.4,41.4177
49.45,41.6302
49.5,41.8428
49.55,42.0553
49.6,42.2679
49.65,42.4804
49.7,42.693
49.75,42.9055
49.8,43.1181
49.85,43.3306
49.9,43.5432
49.95,43.7557
50,0
